0.00000
0.307500
0.00000
0.240732
0.307500
1.97970E-07
0.481463
0.307500
-2.26052E-07
0.722195
0.307500
-2.80660E-08
0.962927
0.307500
1.69926E-07
1.20366
0.307500
-2.54074E-07
1.44439
0.307500
-5.60666E-08
1.68512
0.307500
1.41947E-07
1.92585
0.307500
-2.82033E-07
2.16658
0.307500
-8.40053E-08
2.40732
0.307500
1.14028E-07
2.64805
0.307500
-3.09931E-07
2.88878
0.307500
-1.11884E-07
3.12951
0.307500
8.61686E-08
3.37024
0.307500
2.84227E-07
3.61097
0.307500
-1.39707E-07
3.85171
0.307500
5.83674E-08
4.09244
0.307500
2.56448E-07
4.33317
0.307500
-1.67464E-07
4.57390
0.307500
3.06312E-08
4.81463
0.307500
2.28733E-07
