0.00000
0.307500
0.00000
0.240731
0.307500
2.03082E-06
0.481462
0.307500
4.06165E-06
0.722193
0.307500
7.33648E-06
0.962925
0.307500
9.36731E-06
1.20366
0.307500
1.13981E-05
1.44439
0.307500
1.34290E-05
1.68512
0.307500
1.54598E-05
1.92585
0.307500
1.74906E-05
2.16658
0.307500
2.07654E-05
2.40731
0.307500
2.27963E-05
2.64804
0.307500
2.48271E-05
2.88877
0.307500
2.68579E-05
3.12950
0.307500
2.88888E-05
3.37024
0.307500
3.21636E-05
3.61097
0.307500
3.41944E-05
3.85170
0.307500
3.62253E-05
4.09243
0.307500
3.82561E-05
4.33316
0.307500
4.02869E-05
4.57389
0.307500
4.35618E-05
4.81462
0.307500
4.55926E-05
5.05535
0.307500
4.76234E-05
5.29608
0.307500
4.96543E-05
5.53682
0.307500
5.16851E-05
5.77755
0.307500
5.37160E-05
6.01828
0.307500
5.69908E-05
6.25901
0.307500
5.90216E-05
6.49974
0.307500
6.10525E-05
6.74047
0.307500
6.30833E-05
6.98120
0.307500
6.51142E-05
7.22193
0.307500
6.83890E-05
7.46266
0.307500
7.04199E-05
7.70340
0.307500
7.24507E-05
7.94413
0.307500
7.44816E-05
8.18486
0.307500
7.65124E-05
8.42559
0.307500
7.97873E-05
8.66632
0.307500
8.18181E-05
8.90705
0.307500
8.38489E-05
9.14778
0.307500
8.58798E-05
9.38851
0.307500
8.79106E-05
9.62924
0.307500
8.99415E-05
9.86998
0.307500
9.32163E-05
