0.00000
0.307500
0.00000
0.240731
0.307500
2.03082E-06
0.481462
0.307500
4.06165E-06
0.722193
0.307500
7.33647E-06
0.962925
0.307500
9.36729E-06
1.20366
0.307500
1.13981E-05
1.44439
0.307500
1.34289E-05
1.68512
0.307500
1.54598E-05
1.92585
0.307500
1.74906E-05
2.16658
0.307500
2.07654E-05
2.40731
0.307500
2.27962E-05
2.64804
0.307500
2.48270E-05
2.88877
0.307500
2.68579E-05
3.12950
0.307500
2.88887E-05
3.37024
0.307500
3.21635E-05
3.61097
0.307500
3.41943E-05
3.85170
0.307500
3.62252E-05
4.09243
0.307500
3.82560E-05
4.33316
0.307500
4.02868E-05
4.57389
0.307500
4.35616E-05
4.81462
0.307500
4.55924E-05
5.05535
0.307500
4.76233E-05
5.29608
0.307500
4.96541E-05
5.53682
0.307500
5.16849E-05
5.77755
0.307500
5.37157E-05
6.01828
0.307500
5.69905E-05
6.25901
0.307500
5.90213E-05
6.49974
0.307500
6.10522E-05
6.74047
0.307500
6.30830E-05
6.98120
0.307500
6.51138E-05
7.22193
0.307500
6.83886E-05
7.46266
0.307500
7.04195E-05
7.70340
0.307500
7.24503E-05
7.94413
0.307500
7.44811E-05
8.18486
0.307500
7.65119E-05
8.42559
0.307500
7.97867E-05
8.66632
0.307500
8.18176E-05
8.90705
0.307500
8.38484E-05
9.14778
0.307500
8.58792E-05
9.38851
0.307500
8.79100E-05
9.62924
0.307500
8.99409E-05
9.86998
0.307500
9.32157E-05
