0.00000
0.307500
0.00000
0.240732
0.307500
-4.24042E-07
0.481463
0.307500
3.95915E-07
0.722195
0.307500
-2.81276E-08
0.962927
0.307500
-4.52170E-07
1.20366
0.307500
3.67790E-07
1.44439
0.307500
-5.62495E-08
1.68512
0.307500
-4.80288E-07
1.92585
0.307500
3.39673E-07
2.16658
0.307500
-8.43662E-08
2.40732
0.307500
-5.08407E-07
2.64805
0.307500
3.11552E-07
2.88878
0.307500
-1.12490E-07
3.12951
0.307500
-5.36530E-07
3.37024
0.307500
2.83430E-07
3.61097
0.307500
-1.40610E-07
3.85171
0.307500
-5.64650E-07
4.09244
0.307500
2.55309E-07
4.33317
0.307500
-1.68731E-07
4.57390
0.307500
-5.92772E-07
4.81463
0.307500
2.27187E-07
5.05536
0.307500
-1.96853E-07
5.29610
0.307500
-6.20894E-07
5.53683
0.307500
1.99064E-07
5.77756
0.307500
-2.24978E-07
6.01829
0.307500
5.94978E-07
6.25902
0.307500
1.70934E-07
6.49975
0.307500
-2.53111E-07
6.74049
0.307500
5.66844E-07
6.98122
0.307500
1.42801E-07
7.22195
0.307500
-2.81242E-07
7.46268
0.307500
5.38714E-07
7.70341
0.307500
1.14669E-07
7.94414
0.307500
-3.09376E-07
8.18488
0.307500
5.10579E-07
8.42561
0.307500
8.65345E-08
8.66634
0.307500
-3.37508E-07
8.90707
0.307500
4.82449E-07
9.14780
0.307500
5.84057E-08
9.38853
0.307500
-3.65637E-07
9.62927
0.307500
4.54320E-07
9.87000
0.307500
3.02773E-08
