0.00000
0.307500
0.00000
0.240731
0.307500
2.03084E-06
0.481462
0.307500
4.68368E-06
0.722193
0.307500
6.71454E-06
0.962925
0.307500
8.74540E-06
1.20366
0.307500
1.13983E-05
1.44439
0.307500
1.34292E-05
1.68512
0.307500
1.60820E-05
1.92585
0.307500
1.81129E-05
2.16658
0.307500
2.01438E-05
2.40731
0.307500
2.27967E-05
2.64804
0.307500
2.48277E-05
2.88877
0.307500
2.68586E-05
3.12950
0.307500
2.95115E-05
3.37024
0.307500
3.15424E-05
3.61097
0.307500
3.41953E-05
3.85170
0.307500
3.62263E-05
4.09243
0.307500
3.82572E-05
4.33316
0.307500
4.09101E-05
4.57389
0.307500
4.29410E-05
4.81462
0.307500
4.49720E-05
