0.00000
0.307500
0.00000
0.240732
0.307500
-4.24042E-07
0.481463
0.307500
3.95915E-07
0.722195
0.307500
-2.81283E-08
0.962927
0.307500
-4.52172E-07
1.20366
0.307500
3.67786E-07
1.44439
0.307500
-5.62551E-08
1.68512
0.307500
-4.80296E-07
1.92585
0.307500
3.39665E-07
2.16658
0.307500
-8.43750E-08
2.40732
0.307500
-5.08413E-07
2.64805
0.307500
3.11549E-07
2.88878
0.307500
-1.12489E-07
3.12951
0.307500
-5.36525E-07
3.37024
0.307500
2.83437E-07
3.61097
0.307500
-1.40600E-07
3.85171
0.307500
-5.64636E-07
4.09244
0.307500
2.55328E-07
4.33317
0.307500
-1.68707E-07
4.57390
0.307500
-5.92741E-07
4.81463
0.307500
2.27224E-07
5.05536
0.307500
-1.96810E-07
5.29610
0.307500
-6.20843E-07
5.53683
0.307500
1.99126E-07
5.77756
0.307500
-2.24905E-07
6.01829
0.307500
5.95064E-07
6.25902
0.307500
1.71035E-07
6.49975
0.307500
-2.52994E-07
6.74049
0.307500
5.66976E-07
6.98122
0.307500
1.42946E-07
7.22195
0.307500
-2.81082E-07
7.46268
0.307500
5.38892E-07
7.70341
0.307500
1.14867E-07
7.94414
0.307500
-3.09158E-07
8.18488
0.307500
5.10818E-07
8.42561
0.307500
8.67960E-08
8.66634
0.307500
-3.37226E-07
8.90707
0.307500
4.82751E-07
9.14780
0.307500
5.87274E-08
9.38853
0.307500
-3.65295E-07
9.62927
0.307500
4.54682E-07
9.87000
0.307500
3.06603E-08
