      2.2000000     -1.5466000      1.4122147     0.78521598      4.7307570     0.78521598
      2.2100000     -1.5311114      1.5115638     0.76693749      7.7583749     0.76693749
      2.2200000     -1.5164373      1.5816484     0.37573818      8.3980684     0.75380248
      2.2300000     -1.4973191      1.8365642     0.43624851      22.372299     0.71980042
      2.2400000     -1.4826064      1.7722293     0.35602325      13.588199     0.71061077
      2.2500000     -1.4620818      2.0509862    -0.11912620      29.644739     0.67042508
      2.2600000     -1.4434631      2.0645718    -0.19371438      29.226563     0.64428612
      2.2700000     -1.4227919      2.1492129     0.11036304      37.758091     0.60464524
      2.2800000     -1.4016528      2.1396946    -0.16922210      48.183720     0.55790338
      2.2900000     -1.3806189      2.1220225     0.14023952      51.262198     0.51485708
      2.3000000     -1.3584486      2.1612544    0.054101576      61.190630     0.45464446
      2.3100000     -1.3363850      2.0157423    0.025280844      61.732325     0.40084471
      2.3200000     -1.3194647      1.8854108    0.080155081      59.209795     0.36369968
      2.3300000     -1.3014212      1.7539008   -0.078775482      55.434633     0.32103762
      2.3400000     -1.2827892      1.5830527   -0.021049194      47.602625     0.28012279
      2.3500000     -1.2674361      1.4456076    0.020843892      40.606570     0.24897804
      2.3600000     -1.2533779      1.3411966   0.0075715792      35.119414     0.22607043
      2.3700000     -1.2397884      1.2933684   0.0087873625      30.915263     0.20692308
      2.3800000     -1.2288264      1.2202653  -0.0047149111      27.422842     0.19945694
      2.3900000     -1.2161490      1.1951611  -0.0042432792      24.853580     0.18079185
      2.4000000     -1.2051047      1.1482169  -0.0072242611      22.559322     0.17310008
