      2.0000000     -1.8006650     0.36175556   -0.013051250    0.091220884     0.93354375
      2.0100000     -1.7961250     0.36474838  -0.0028237500    0.092109649     0.93219125
      2.0200000     -1.7921750     0.36759021   -0.022820000    0.093732962     0.93071000
      2.0300000     -1.7923800     0.36352635   -0.011366250    0.092331939     0.93109125
      2.0400000     -1.7869950     0.36828034 -0.00061750000    0.094580845     0.92909500
      2.0500000     -1.7837150     0.36994246   0.0042037500    0.095790321     0.92787625
      2.0600000     -1.7787650     0.37349899   0.0031312500    0.096794880     0.92639625
      2.0700000     -1.7741700     0.37710174  0.00054750000    0.098006271     0.92493000
      2.0800000     -1.7711900     0.37746485 -0.00040125000    0.098987512     0.92380375
      2.0900000     -1.7672000     0.37994017   0.0046925000     0.10006254     0.92248500
      2.1000000     -1.7642250     0.38044458   0.0099600000     0.10013210     0.92171750
      2.1100000     -1.7609850     0.38161032   0.0031150000     0.10113545     0.92055000
      2.1200000     -1.7567600     0.38374359   -0.012635000     0.10167630     0.91936000
      2.1300000     -1.7504250     0.38872562  -0.0078487500     0.10393367     0.91709375
      2.1400000     -1.7476350     0.38906621   0.0015800000     0.10497392     0.91597500
      2.1500000     -1.7439150     0.39011831    0.023191250     0.10545734     0.91487625
      2.1600000     -1.7397500     0.39193239  -0.0071562500     0.10682038     0.91334625
      2.1700000     -1.7335650     0.39617099  -0.0024187500     0.10826565     0.91139125
      2.1800000     -1.7319200     0.39464112  -0.0080500000     0.10871866     0.91069250
      2.1900000     -1.7301850     0.39321104 -0.00079125000     0.10850747     0.91024875
      2.2000000     -1.7233650     0.39815130  -0.0086075000     0.11028147     0.90802750
      2.2100000     -1.7167750     0.40245990 -0.00077625000     0.11190488     0.90588875
      2.2200000     -1.7158050     0.39990520   0.0042412500     0.11122074     0.90577625
      2.2300000     -1.7146500     0.39768777   -0.018927500     0.11157536     0.90519500
      2.2400000     -1.7075400     0.40230162   0.0094050000     0.11361546     0.90275500
      2.2500000     -1.7023150     0.40479102  -0.0075075000     0.11423530     0.90128250
      2.2600000     -1.7020300     0.40171813  -0.0019212500     0.11382910     0.90119625
      2.2700000     -1.6947700     0.40653973    0.011110000     0.11612127     0.89861000
      2.2800000     -1.6929850     0.40459510  -0.0078162500     0.11668933     0.89777375
      2.2900000     -1.6906250     0.40383449   0.0048087500     0.11683389     0.89704625
      2.3000000     -1.6857400     0.40556571   0.0031025000     0.11746380     0.89560500
