      2.1000000     -1.6623374     0.95805112     0.86892460     0.96321047     0.86892460
      2.1200000     -1.6423951      1.0367817     0.85718277      1.1981757     0.85718277
      2.1400000     -1.6204574      1.1067071     0.84274418      1.6347439     0.84274418
      2.1600000     -1.5969855      1.1973269     0.82564187      2.4037668     0.82564187
      2.1800000     -1.5736480      1.2734414     0.80902187      2.8291431     0.80902187
      2.2000000     -1.5459516      1.4233702     0.10677404      5.2495701     0.78301129
      2.2200000     -1.5152627      1.5990246     0.26029473      7.9867987     0.75173899
      2.2400000     -1.4832368      1.7056762    -0.19441936      10.351495     0.71583421
      2.2600000     -1.4448181      1.9241435     0.31833111      18.679837     0.65671411
      2.2800000     -1.4087741      1.9831725    -0.15120829      23.035808     0.60400479
      2.3000000     -1.3680431      1.9992750   -0.080745494      28.079321     0.53056024
      2.3200000     -1.3297569      1.8408866    0.021286741      29.283039     0.46251150
      2.3400000     -1.2920176      1.6571137    0.032440078      28.689623     0.38407296
      2.3600000     -1.2633245      1.5299685  -0.0026079000      26.879076     0.34270690
      2.3800000     -1.2331842      1.3579287   -0.032925609      22.691903     0.29180505
