      2.2500000     -1.4625028      2.0683231     0.43791434      40.275558     0.66885437
      2.2550000     -1.4515080      2.1322363     0.31385865      54.400601     0.64520415
      2.2600000     -1.4418266      2.1845906     0.24006215      60.731131     0.62677278
      2.2650000     -1.4333858      2.2409055    -0.34629529      58.835274     0.61536473
      2.2700000     -1.4188106      2.4152777    -0.32895994      88.424580     0.56907006
      2.2750000     -1.4051417      2.3998819    0.015465159      124.98860     0.51829145
      2.2800000     -1.3924891      2.5195644    0.034611267      154.00870     0.46680666
      2.2850000     -1.3813529      2.4183584     0.22512027      147.92457     0.43887744
      2.2900000     -1.3701988      2.3203401   -0.043198413      149.38295     0.40501677
      2.2950000     -1.3577435      2.1829847     0.10414602      148.44777     0.35840713
      2.3000000     -1.3525468      2.2101483    -0.10782662      142.84984     0.36818107
      2.3050000     -1.3368100      1.9464791   -0.026954853      134.98780     0.28469859
      2.3100000     -1.3295121      1.8703827   -0.031041957      117.96794     0.28170811
      2.3150000     -1.3203902      1.8026649   -0.042498997      113.36969     0.26042160
      2.3200000     -1.3107479      1.6702422   0.0040801480      90.007479     0.23480028
      2.3250000     -1.3035607      1.5711553    0.027315400      88.157615     0.22321839
      2.3300000     -1.2945752      1.5508671  0.00017389900      74.687523     0.19891165
      2.3350000     -1.2867538      1.4733084    0.012316600      69.123871     0.18171896
      2.3400000     -1.2791067      1.4313204 -0.00047646500      59.621197     0.16747866
      2.3450000     -1.2729121      1.4175035    0.022342945      57.950699     0.16672589
      2.3500000     -1.2653402      1.3897969    0.010725258      53.647417     0.15618814
