      2.0000000     -1.7449248     0.72989663     0.45549279     0.39134920     0.91102246
      2.0100000     -1.7378372     0.74973120     0.90776418     0.41403497     0.90776418
      2.0200000     -1.7306122     0.77672639     0.90421221     0.46618516     0.90421221
      2.0300000     -1.7235815     0.78088182     0.90121789     0.48312951     0.90121791
      2.0400000     -1.7152597     0.80177726     0.89726474     0.50840621     0.89726474
      2.0500000     -1.7062976     0.83701471     0.53223491     0.63335774     0.89226216
      2.0600000     -1.6981502     0.85961827     0.88806835     0.65752276     0.88807000
      2.0700000     -1.6900884     0.88222441     0.44183730     0.69906218     0.88396115
      2.0800000     -1.6812773     0.89623746     0.23821364     0.70446031     0.87989724
      2.0900000     -1.6726788     0.92127762     0.43747969     0.76549293     0.87526361
      2.1000000     -1.6616566     0.97516307    -0.59409304      1.0537305     0.86771719
      2.1100000     -1.6524902     0.98547339    -0.24390481     0.97564545     0.86369121
      2.1200000     -1.6415045      1.0375743     0.29912069      1.2563137     0.85574779
      2.1300000     -1.6317503      1.0480339     0.43005491      1.2376154     0.85094091
      2.1400000     -1.6185758      1.1129085     0.25625915      1.5511954     0.84138108
      2.1500000     -1.6094639      1.1405775     0.10764723      1.6804543     0.83566785
      2.1600000     -1.5986616      1.1570073     0.48884843      1.7408501     0.82891035
      2.1700000     -1.5865204      1.2016161     0.17899838      2.0435348     0.81955915
      2.1800000     -1.5743009      1.2581572    -0.24479328      2.4588124     0.81037833
      2.1900000     -1.5630030      1.2725337    -0.26670169      2.5200625     0.80282584
      2.2000000     -1.5477500      1.3379647    -0.10777536      3.0513366     0.78934546
      2.2100000     -1.5328124      1.4160314     0.20869568      3.6332943     0.77529923
      2.2200000     -1.5175437      1.4725648    -0.20527129      4.2982257     0.76014044
      2.2300000     -1.5084202      1.4412773    0.019722063      3.8035111     0.75819164
      2.2400000     -1.4912061      1.5055804    0.066562050      4.5324478     0.74044053
      2.2500000     -1.4762269      1.5519564   -0.049403088      5.1679142     0.72506296
      2.2600000     -1.4617761      1.5608403    0.068200663      5.3640947     0.71254956
      2.2700000     -1.4424547      1.6102229    0.079255475      6.1539239     0.69158620
      2.2800000     -1.4235454      1.6576050    0.073569650      7.0086475     0.66789703
      2.2900000     -1.4103197      1.6571341  -0.0046507375      7.0461014     0.65647849
      2.3000000     -1.3942915      1.6810779    0.032940113      7.6002437     0.63825516
      2.3100000     -1.3802157      1.6501838   -0.043874038      7.6788053     0.62409481
      2.3200000     -1.3601028      1.6739601    0.046126050      8.2485968     0.60033095
      2.3300000     -1.3441119      1.6294410    0.012780250      8.4186387     0.58052443
      2.3400000     -1.3283494      1.6272228   -0.010787587      8.6419770     0.56321644
      2.3500000     -1.3107342      1.6032538    0.026222300      9.0517315     0.54026208
      2.3600000     -1.2989312      1.5469532    0.047996238      8.6247170     0.53232784
      2.3700000     -1.2829210      1.5321017  -0.0070596750      8.9244499     0.51103435
      2.3800000     -1.2649221      1.4775099   0.0012997500      8.9230558     0.48715710
      2.3900000     -1.2509539      1.4484998   0.0048613750      8.9635899     0.46925748
      2.4000000     -1.2358680      1.4147835   -0.018381813      8.9360841     0.45050574
