      2.2500000     -1.4610009      2.0785939     0.53267707      39.285658     0.66455772
      2.2600000     -1.4393955      2.2925028    -0.37108787      61.763322     0.61455521
      2.2700000     -1.4231479      2.1675097     0.10699646      55.262694     0.59765232
      2.2800000     -1.3962933      2.3797404  -0.0068855344      85.815300     0.51851856
      2.2900000     -1.3768651      2.3297469    -0.15068324      93.771572     0.47468245
      2.3000000     -1.3541315      2.1403405   -0.094267816      101.37657     0.40163719
      2.3100000     -1.3327921      1.9834013    0.021331862      95.213009     0.34433496
      2.3200000     -1.3123597      1.7543649   -0.020065749      79.395135     0.28081462
      2.3300000     -1.2945175      1.6100527   -0.012252396      67.292909     0.23272961
      2.3400000     -1.2805911      1.4765123   0.0076120313      55.941576     0.21427832
      2.3500000     -1.2661667      1.3724696   0.0044903172      48.065276     0.19095075
