Results from Diagonalization of Toeplitz Matrix
         exact:     armadillo:         error:
      9.8040456      9.8040456  2.4366287E-11
      39.215114      39.215114  3.5569769E-11
      88.230002      88.230002  6.9348971E-12
      156.84337      156.84337  1.8189894E-12
      245.04774      245.04774  7.8443918E-12
      352.83351      352.83351  3.0638603E-11
      480.18894      480.18894  2.2794211E-11
      627.10015      627.10015  5.4569682E-12
      793.55114      793.55114  2.1259439E-11
      979.52377      979.52377  2.7284841E-12
      1184.9978      1184.9978  1.0686563E-11
      1409.9508      1409.9508  2.5238478E-11
      1654.3583      1654.3583  2.2282620E-11
      1918.1937      1918.1937  7.0485839E-12
      2201.4283      2201.4283  2.2737368E-12
      2504.0311      2504.0311  2.6830094E-11
      2825.9692      2825.9692  5.4569682E-12
      3167.2076      3167.2076  1.1368684E-11
      3527.7091      3527.7091  2.0008883E-11
      3907.4343      3907.4343  2.9103830E-11
      4306.3420      4306.3420  1.6370905E-11
      4724.3887      4724.3887  7.9126039E-11
      5161.5289      5161.5289  1.5461410E-11
      5617.7148      5617.7148  1.2732926E-11
      6092.8969      6092.8969  3.4560799E-11
      6587.0234      6587.0234  3.0013325E-11
      7100.0404      7100.0404  1.9099389E-11
      7631.8920      7631.8920  2.0008883E-11
      8182.5204      8182.5204  3.1832315E-11
      8751.8655      8751.8655  4.5474735E-11
      9339.8653      9339.8653  2.1827873E-11
      9946.4558      9946.4558  2.5465852E-11
      10571.571      10571.571  7.2759576E-12
      11215.142      11215.142  1.4551915E-11
      11877.100      11877.100  5.4569682E-12
      12557.373      12557.373  3.6379788E-12
      13255.885      13255.885  2.1827873E-11
      13972.562      13972.562  2.5465852E-11
      14707.324      14707.324  1.8189894E-11
      15460.092      15460.092  3.0922820E-11
      16230.785      16230.785  2.9103830E-11
      17019.317      17019.317  2.1827873E-11
      17825.604      17825.604  2.9103830E-11
      18649.557      18649.557  5.4569682E-11
      19491.086      19491.086  4.0017767E-11
      20350.100      20350.100  2.1827873E-11
      21226.506      21226.506  4.0017767E-11
      22120.207      22120.207  4.7293724E-11
      23031.107      23031.107  6.1845640E-11
      23959.105      23959.105  2.5465852E-11
      24904.103      24904.103  4.0017767E-11
      25865.995      25865.995  1.0913936E-11
      26844.677      26844.677  5.0931703E-11
      27840.044      27840.044  3.6379788E-11
      28851.986      28851.986  4.3655746E-11
      29880.393      29880.393  1.4551915E-11
      30925.153      30925.153  3.6379788E-12
      31986.152      31986.152  1.4551915E-11
      33063.275      33063.275  4.3655746E-11
      34156.405      34156.405  5.8207661E-11
      35265.422      35265.422  1.0186341E-10
      36390.205      36390.205  8.7311491E-11
      37530.632      37530.632  1.0913936E-10
      38686.579      38686.579  4.3655746E-11
      39857.920      39857.920  7.2759576E-11
      41044.527      41044.527  8.7311491E-11
      42246.271      42246.271  5.8207661E-11
      43463.021      43463.021  7.2759576E-11
      44694.644      44694.644  8.7311491E-11
      45941.007      45941.007  6.5483619E-11
      47201.973      47201.973  3.6379788E-11
      48477.406      48477.406  6.5483619E-11
      49767.166      49767.166  2.1827873E-11
      51071.113      51071.113  2.1827873E-11
      52389.104      52389.104  2.1827873E-11
      53720.996      53720.996  5.0931703E-11
      55066.645      55066.645  3.6379788E-11
      56425.903      56425.903  2.1827873E-11
      57798.622      57798.622  1.4551915E-11
      59184.654      59184.654  5.0931703E-11
      60583.846      60583.846  8.0035534E-11
      61996.046      61996.046  3.6379788E-11
      63421.102      63421.102  2.1827873E-11
      64858.856      64858.856  2.9103830E-11
      66309.154      66309.154  5.8207661E-11
      67771.836      67771.836  1.4551915E-11
      69246.743      69246.743      0.0000000
      70733.716      70733.716      0.0000000
      72232.591      72232.591  1.4551915E-11
      73743.206      73743.206      0.0000000
      75265.395      75265.395  2.9103830E-11
      76798.994      76798.994  5.8207661E-11
      78343.835      78343.835  4.3655746E-11
      79899.750      79899.750  1.4551915E-11
      81466.569      81466.569  2.9103830E-11
      83044.121      83044.121      0.0000000
      84632.236      84632.236  1.4551915E-11
      86230.739      86230.739  1.4551915E-11
      87839.457      87839.457      0.0000000
      89458.214      89458.214      0.0000000
      91086.834      91086.834      0.0000000
      92725.140      92725.140      0.0000000
      94372.953      94372.953      0.0000000
      96030.094      96030.094      0.0000000
      97696.382      97696.382  1.4551915E-11
      99371.635      99371.635      0.0000000
      101055.67      101055.67      0.0000000
      102748.31      102748.31  1.4551915E-11
      104449.36      104449.36  4.3655746E-11
      106158.64      106158.64  1.4551915E-11
      107875.97      107875.97  1.4551915E-11
      109601.15      109601.15  2.9103830E-11
      111334.00      111334.00  1.1641532E-10
      113074.33      113074.33  4.3655746E-11
      114821.95      114821.95  1.0186341E-10
      116576.68      116576.68  4.3655746E-11
      118338.31      118338.31  1.3096724E-10
      120106.65      120106.65  4.3655746E-11
      121881.53      121881.53      0.0000000
      123662.73      123662.73  1.4551915E-11
      125450.07      125450.07  1.4551915E-11
      127243.35      127243.35  1.0186341E-10
      129042.38      129042.38  1.4551915E-11
      130846.96      130846.96  1.4551915E-11
      132656.90      132656.90  2.9103830E-11
      134471.99      134471.99  8.7311491E-11
      136292.04      136292.04  8.7311491E-11
      138116.86      138116.86  5.8207661E-11
      139946.23      139946.23  5.8207661E-11
      141779.97      141779.97  1.4551915E-10
      143617.87      143617.87  2.9103830E-11
      145459.74      145459.74      0.0000000
      147305.37      147305.37  1.1641532E-10
      149154.56      149154.56  2.9103830E-11
      151007.11      151007.11  2.9103830E-11
      152862.81      152862.81      0.0000000
      154721.48      154721.48  8.7311491E-11
      156582.90      156582.90  2.9103830E-11
      158446.87      158446.87  5.8207661E-11
      160313.18      160313.18  8.7311491E-11
      162181.64      162181.64  5.8207661E-11
      164052.05      164052.05  2.9103830E-11
      165924.19      165924.19  2.9103830E-11
      167797.86      167797.86  2.9103830E-11
      169672.86      169672.86      0.0000000
      171548.99      171548.99  8.7311491E-11
      173426.04      173426.04      0.0000000
      175303.80      175303.80  2.9103830E-11
      177182.08      177182.08  5.8207661E-11
      179060.66      179060.66  5.8207661E-11
      180939.34      180939.34  5.8207661E-11
      182817.92      182817.92      0.0000000
      184696.20      184696.20  1.1641532E-10
      186573.96      186573.96  8.7311491E-11
      188451.01      188451.01  8.7311491E-11
      190327.14      190327.14  5.8207661E-11
      192202.14      192202.14  2.9103830E-11
      194075.81      194075.81  2.0372681E-10
      195947.95      195947.95  8.7311491E-11
      197818.36      197818.36      0.0000000
      199686.82      199686.82      0.0000000
      201553.13      201553.13  8.7311491E-11
      203417.10      203417.10  5.8207661E-11
      205278.52      205278.52  8.7311491E-11
      207137.19      207137.19  8.7311491E-11
      208992.89      208992.89  8.7311491E-11
      210845.44      210845.44  2.9103830E-11
      212694.63      212694.63  2.9103830E-11
      214540.26      214540.26  2.9103830E-11
      216382.13      216382.13  1.7462298E-10
      218220.03      218220.03  2.9103830E-11
      220053.77      220053.77  8.7311491E-11
      221883.14      221883.14  2.9103830E-11
      223707.96      223707.96  1.1641532E-10
      225528.01      225528.01  2.9103830E-11
      227343.10      227343.10  1.4551915E-10
      229153.04      229153.04  2.9103830E-11
      230957.62      230957.62  8.7311491E-11
      232756.65      232756.65  1.7462298E-10
      234549.93      234549.93  8.7311491E-11
      236337.27      236337.27  1.4551915E-10
      238118.47      238118.47  5.8207661E-11
      239893.35      239893.35  1.4551915E-10
      241661.69      241661.69  8.7311491E-11
      243423.32      243423.32  5.8207661E-11
      245178.05      245178.05  2.9103830E-11
      246925.67      246925.67  2.9103830E-11
      248666.00      248666.00  5.8207661E-11
      250398.85      250398.85  5.8207661E-11
      252124.03      252124.03  8.7311491E-11
      253841.36      253841.36  2.9103830E-11
      255550.64      255550.64  5.8207661E-11
      257251.69      257251.69  5.8207661E-11
      258944.33      258944.33  2.9103830E-11
      260628.36      260628.36  5.8207661E-11
      262303.62      262303.62  5.8207661E-11
      263969.91      263969.91  5.8207661E-11
      265627.05      265627.05  1.7462298E-10
      267274.86      267274.86  2.3283064E-10
      268913.17      268913.17      0.0000000
      270541.79      270541.79  2.3283064E-10
      272160.54      272160.54  1.1641532E-10
      273769.26      273769.26  1.7462298E-10
      275367.76      275367.76  5.8207661E-11
      276955.88      276955.88  5.8207661E-11
      278533.43      278533.43  5.8207661E-11
      280100.25      280100.25  5.8207661E-11
      281656.17      281656.17  1.1641532E-10
      283201.01      283201.01  1.1641532E-10
      284734.60      284734.60  5.8207661E-11
      286256.79      286256.79  5.8207661E-11
      287767.41      287767.41  5.8207661E-11
      289266.28      289266.28  1.1641532E-10
      290753.26      290753.26  5.8207661E-11
      292228.16      292228.16      0.0000000
      293690.85      293690.85      0.0000000
      295141.14      295141.14      0.0000000
      296578.90      296578.90  1.7462298E-10
      298003.95      298003.95  5.8207661E-11
      299416.15      299416.15  1.1641532E-10
      300815.35      300815.35  4.0745363E-10
      302201.38      302201.38  5.8207661E-11
      303574.10      303574.10  5.8207661E-11
      304933.36      304933.36      0.0000000
      306279.00      306279.00  1.7462298E-10
      307610.90      307610.90      0.0000000
      308928.89      308928.89  1.1641532E-10
      310232.83      310232.83      0.0000000
      311522.59      311522.59  1.7462298E-10
      312798.03      312798.03  1.7462298E-10
      314058.99      314058.99  5.8207661E-11
      315305.36      315305.36  5.8207661E-11
      316536.98      316536.98  1.7462298E-10
      317753.73      317753.73  5.8207661E-11
      318955.47      318955.47      0.0000000
      320142.08      320142.08  5.8207661E-11
      321313.42      321313.42  1.1641532E-10
      322469.37      322469.37      0.0000000
      323609.80      323609.80  1.1641532E-10
      324734.58      324734.58  1.7462298E-10
      325843.60      325843.60  5.8207661E-11
      326936.72      326936.72  5.8207661E-11
      328013.85      328013.85  1.1641532E-10
      329074.85      329074.85  1.1641532E-10
      330119.61      330119.61  5.8207661E-11
      331148.01      331148.01      0.0000000
      332159.96      332159.96  1.7462298E-10
      333155.32      333155.32  1.1641532E-10
      334134.01      334134.01      0.0000000
      335095.90      335095.90      0.0000000
      336040.89      336040.89  1.1641532E-10
      336968.89      336968.89      0.0000000
      337879.79      337879.79  1.1641532E-10
      338773.49      338773.49      0.0000000
      339649.90      339649.90  5.8207661E-11
      340508.91      340508.91  5.8207661E-11
      341350.44      341350.44      0.0000000
      342174.40      342174.40  5.8207661E-11
      342980.68      342980.68      0.0000000
      343769.22      343769.22  5.8207661E-11
      344539.91      344539.91  1.1641532E-10
      345292.68      345292.68  5.8207661E-11
      346027.44      346027.44  5.8207661E-11
      346744.11      346744.11  5.8207661E-11
      347442.63      347442.63  1.7462298E-10
      348122.90      348122.90  5.8207661E-11
      348784.86      348784.86  5.8207661E-11
      349428.43      349428.43  5.8207661E-11
      350053.54      350053.54  1.1641532E-10
      350660.13      350660.13      0.0000000
      351248.13      351248.13  5.8207661E-11
      351817.48      351817.48  5.8207661E-11
      352368.11      352368.11  5.8207661E-11
      352899.96      352899.96  5.8207661E-11
      353412.98      353412.98      0.0000000
      353907.10      353907.10  1.1641532E-10
      354382.29      354382.29  5.8207661E-11
      354838.47      354838.47  5.8207661E-11
      355275.61      355275.61      0.0000000
      355693.66      355693.66  5.8207661E-11
      356092.57      356092.57  1.7462298E-10
      356472.29      356472.29  5.8207661E-11
      356832.79      356832.79      0.0000000
      357174.03      357174.03      0.0000000
      357495.97      357495.97  5.8207661E-11
      357798.57      357798.57      0.0000000
      358081.81      358081.81      0.0000000
      358345.64      358345.64  5.8207661E-11
      358590.05      358590.05      0.0000000
      358815.00      358815.00  5.8207661E-11
      359020.48      359020.48  5.8207661E-11
      359206.45      359206.45      0.0000000
      359372.90      359372.90  5.8207661E-11
      359519.81      359519.81  5.8207661E-11
      359647.17      359647.17  2.3283064E-10
      359754.95      359754.95      0.0000000
      359843.16      359843.16  1.7462298E-10
      359911.77      359911.77  1.1641532E-10
      359960.78      359960.78      0.0000000
      359990.20      359990.20  5.8207661E-11
