Results from Diagonalization of Toeplitz Matrix
         exact:     armadillo:         error:
      9.4833563      9.4833563  5.3290705E-13
      37.897452      37.897452  2.4868996E-13
      85.134502      85.134502  1.1368684E-12
      151.01532      151.01532  1.6484591E-12
      235.29000      235.29000  1.1937118E-12
      337.63885      337.63885  1.5916157E-12
      457.67364      457.67364  3.4106051E-13
      594.93903      594.93903  9.0949470E-13
      748.91432      748.91432  1.8189894E-12
      919.01544      919.01544  2.2737368E-12
      1104.5971      1104.5971  6.8212103E-13
      1304.9554      1304.9554  2.2737368E-13
      1519.3303      1519.3303  2.2737368E-13
      1746.9085      1746.9085  4.5474735E-13
      1986.8268      1986.8268  1.5916157E-12
      2238.1751      2238.1751  1.8189894E-12
      2500.0000      2500.0000  4.5474735E-13
      2771.3082      2771.3082  1.3642421E-12
      3051.0706      3051.0706  1.3642421E-12
      3338.2260      3338.2260  1.8189894E-12
      3631.6850      3631.6850      0.0000000
      3930.3346      3930.3346  1.3642421E-12
      4233.0417      4233.0417      0.0000000
      4538.6582      4538.6582  9.0949470E-13
      4846.0247      4846.0247  9.0949470E-13
      5153.9753      5153.9753  9.0949470E-13
      5461.3418      5461.3418  2.7284841E-12
      5766.9583      5766.9583  2.7284841E-12
      6069.6654      6069.6654  2.7284841E-12
      6368.3150      6368.3150  5.4569682E-12
      6661.7740      6661.7740  9.0949470E-13
      6948.9294      6948.9294  4.5474735E-12
      7228.6918      7228.6918  1.8189894E-12
      7500.0000      7500.0000  9.0949470E-13
      7761.8249      7761.8249      0.0000000
      8013.1732      8013.1732      0.0000000
      8253.0915      8253.0915      0.0000000
      8480.6697      8480.6697      0.0000000
      8695.0446      8695.0446  3.6379788E-12
      8895.4029      8895.4029      0.0000000
      9080.9846      9080.9846  3.6379788E-12
      9251.0857      9251.0857  3.6379788E-12
      9405.0610      9405.0610      0.0000000
      9542.3264      9542.3264      0.0000000
      9662.3611      9662.3611      0.0000000
      9764.7100      9764.7100      0.0000000
      9848.9847      9848.9847  1.8189894E-12
      9914.8655      9914.8655  1.8189894E-12
      9962.1025      9962.1025      0.0000000
      9990.5166      9990.5166  3.6379788E-12
