Results from Diagonalization of Toeplitz Matrix
         exact:     armadillo:         error:
      8.1014053      8.1014053  1.5987212E-14
      31.749293      31.749293  1.0658141E-14
      69.027853      69.027853  1.4210855E-14
      116.91700      116.91700      0.0000000
      171.53703      171.53703  8.5265128E-14
      228.46297      228.46297  5.6843419E-14
      283.08300      283.08300  5.6843419E-14
      330.97215      330.97215  5.6843419E-14
      368.25071      368.25071  5.6843419E-14
      391.89859      391.89859  5.6843419E-14
