Results from Diagonalization of Toeplitz Matrix
         exact:     armadillo:         error:
      9.6743542      9.6743542  1.4104273E-12
      38.688057      38.688057  8.7396756E-13
      87.013041      87.013041  3.6521897E-12
      154.60255      154.60255  5.2295945E-12
      241.39121      241.39121  2.3305802E-12
      347.29504      347.29504  1.4210855E-12
      472.21159      472.21159  1.1368684E-12
      616.02002      616.02002  3.4106051E-13
      778.58119      778.58119  2.8421709E-12
      959.73785      959.73785  2.2737368E-13
      1159.3147      1159.3147  2.2737368E-12
      1377.1188      1377.1188  2.5011104E-12
      1612.9392      1612.9392  4.5474735E-13
      1866.5480      1866.5480  1.5916157E-12
      2137.6997      2137.6997  1.3642421E-12
      2426.1320      2426.1320  3.1832315E-12
      2731.5659      2731.5659  2.7284841E-12
      3053.7059      3053.7059  3.1832315E-12
      3392.2403      3392.2403  1.3642421E-12
      3746.8417      3746.8417  3.1832315E-12
      4117.1670      4117.1670  1.8189894E-12
      4502.8579      4502.8579  2.7284841E-12
      4903.5412      4903.5412  9.0949470E-13
      5318.8294      5318.8294      0.0000000
      5748.3207      5748.3207  1.8189894E-12
      6191.5996      6191.5996  9.0949470E-13
      6648.2372      6648.2372  9.0949470E-13
      7117.7918      7117.7918  9.0949470E-13
      7599.8091      7599.8091  1.8189894E-12
      8093.8227      8093.8227  2.7284841E-12
      8599.3548      8599.3548  1.8189894E-12
      9115.9163      9115.9163  1.8189894E-12
      9643.0075      9643.0075  1.8189894E-12
      10180.118      10180.118      0.0000000
      10726.729      10726.729  1.8189894E-12
      11282.312      11282.312  1.8189894E-12
      11846.328      11846.328  7.2759576E-12
      12418.232      12418.232      0.0000000
      12997.471      12997.471  3.6379788E-12
      13583.485      13583.485  5.4569682E-12
      14175.706      14175.706  1.4551915E-11
      14773.562      14773.562  1.0913936E-11
      15376.474      15376.474      0.0000000
      15983.859      15983.859  3.6379788E-12
      16595.129      16595.129  1.4551915E-11
      17209.693      17209.693      0.0000000
      17826.957      17826.957  7.2759576E-12
      18446.323      18446.323  3.6379788E-12
      19067.192      19067.192  3.6379788E-12
      19688.964      19688.964  7.2759576E-12
      20311.036      20311.036  3.6379788E-12
      20932.808      20932.808  7.2759576E-12
      21553.677      21553.677  7.2759576E-12
      22173.043      22173.043  3.6379788E-12
      22790.307      22790.307      0.0000000
      23404.871      23404.871      0.0000000
      24016.141      24016.141  3.6379788E-12
      24623.526      24623.526  3.6379788E-12
      25226.438      25226.438  1.0913936E-11
      25824.294      25824.294  7.2759576E-12
      26416.515      26416.515  3.6379788E-12
      27002.529      27002.529  7.2759576E-12
      27581.768      27581.768  1.4551915E-11
      28153.672      28153.672  2.1827873E-11
      28717.688      28717.688      0.0000000
      29273.271      29273.271  3.6379788E-12
      29819.882      29819.882  1.4551915E-11
      30356.992      30356.992  7.2759576E-12
      30884.084      30884.084  3.6379788E-12
      31400.645      31400.645  3.6379788E-12
      31906.177      31906.177  1.4551915E-11
      32400.191      32400.191  1.0913936E-11
      32882.208      32882.208  7.2759576E-12
      33351.763      33351.763  7.2759576E-12
      33808.400      33808.400  7.2759576E-12
      34251.679      34251.679  2.1827873E-11
      34681.171      34681.171  1.4551915E-11
      35096.459      35096.459  7.2759576E-12
      35497.142      35497.142      0.0000000
      35882.833      35882.833  7.2759576E-12
      36253.158      36253.158      0.0000000
      36607.760      36607.760  2.1827873E-11
      36946.294      36946.294  2.1827873E-11
      37268.434      37268.434  7.2759576E-12
      37573.868      37573.868      0.0000000
      37862.300      37862.300  1.4551915E-11
      38133.452      38133.452  1.4551915E-11
      38387.061      38387.061  7.2759576E-12
      38622.881      38622.881      0.0000000
      38840.685      38840.685      0.0000000
      39040.262      39040.262      0.0000000
      39221.419      39221.419  2.9103830E-11
      39383.980      39383.980  1.4551915E-11
      39527.788      39527.788  1.4551915E-11
      39652.705      39652.705  7.2759576E-12
      39758.609      39758.609  7.2759576E-12
      39845.397      39845.397      0.0000000
      39912.987      39912.987  7.2759576E-12
      39961.312      39961.312  7.2759576E-12
      39990.326      39990.326  7.2759576E-12
