Results from Diagonalization of Toeplitz Matrix
         exact:     armadillo:         error:
      9.8302119      9.8302119  2.1024249E-10
      39.320461      39.320461  2.9786662E-10
      88.469588      88.469588  3.7177017E-10
      157.27566      157.27566  2.8330760E-10
      245.73597      245.73597  1.9667823E-10
      353.84704      353.84704  2.1412916E-10
      481.60463      481.60463  2.6744829E-10
      629.00370      629.00370  1.4301804E-10
      796.03846      796.03846  1.5256774E-10
      982.70234      982.70234  1.2084911E-10
      1188.9880      1188.9880  1.4006218E-10
      1414.8873      1414.8873  6.8894224E-11
      1660.3915      1660.3915  1.7348611E-10
      1925.4907      1925.4907  2.6875568E-10
      2210.1747      2210.1747  1.7871571E-10
      2514.4322      2514.4322  1.8144419E-10
      2838.2513      2838.2513  2.2191671E-10
      3181.6191      3181.6191  2.9649527E-10
      3544.5223      3544.5223  2.3737812E-10
      3926.9465      3926.9465  2.2373570E-10
      4328.8768      4328.8768  1.0095391E-10
      4750.2973      4750.2973  1.8553692E-10
      5191.1914      5191.1914  2.8103386E-10
      5651.5418      5651.5418  2.3192115E-10
      6131.3304      6131.3304  2.7193892E-10
      6630.5383      6630.5383  1.3187673E-10
      7149.1459      7149.1459  1.0732037E-10
      7687.1329      7687.1329  2.0281732E-10
      8244.4780      8244.4780  1.5279511E-10
      8821.1594      8821.1594  8.3673513E-11
      9417.1543      9417.1543  1.8553692E-10
      10032.439      10032.439  1.4915713E-10
      10666.990      10666.990  2.4738256E-10
      11320.782      11320.782  2.1827873E-10
      11993.790      11993.790  1.4551915E-10
      12685.986      12685.986  1.4006218E-10
      13397.343      13397.343  2.0008883E-10
      14127.835      14127.835  1.0913936E-10
      14877.431      14877.431  1.1277734E-10
      15646.103      15646.103  2.0918378E-10
      16433.819      16433.819  1.7098500E-10
      17240.550      17240.550  2.3283064E-10
      18066.264      18066.264  2.1827873E-10
      18910.928      18910.928  2.3283064E-10
      19774.508      19774.508  2.3646862E-10
      20656.972      20656.972  2.5102054E-10
      21558.283      21558.283  2.5829650E-10
      22478.407      22478.407  2.0008883E-10
      23417.308      23417.308  2.5829650E-10
      24374.949      24374.949  1.7826096E-10
      25351.291      25351.291  2.2555469E-10
      26346.297      26346.297  1.7826096E-10
      27359.927      27359.927  1.5643309E-10
      28392.143      28392.143  1.0550139E-10
      29442.902      29442.902  1.6007107E-10
      30512.163      30512.163  1.5643309E-10
      31599.886      31599.886  1.0550139E-10
      32706.026      32706.026  1.7098500E-10
      33830.541      33830.541  1.3096724E-10
      34973.386      34973.386  1.5279511E-10
      36134.516      36134.516  1.4551915E-10
      37313.886      37313.886  1.8917490E-10
      38511.449      38511.449  1.0913936E-10
      39727.158      39727.158  2.1827873E-10
      40960.965      40960.965  1.3824319E-10
      42212.823      42212.823  1.8917490E-10
      43482.680      43482.680  1.0913936E-10
      44770.489      44770.489  1.4551915E-10
      46076.197      46076.197  1.4551915E-10
      47399.754      47399.754  2.1827873E-11
      48741.108      48741.108  4.3655746E-11
      50100.206      50100.206  5.8207661E-11
      51476.994      51476.994  7.2759576E-11
      52871.418      52871.418  1.5279511E-10
      54283.424      54283.424  9.4587449E-11
      55712.956      55712.956  5.8207661E-11
      57159.957      57159.957  1.2369128E-10
      58624.372      58624.372  1.5279511E-10
      60106.141      60106.141  2.0372681E-10
      61605.208      61605.208  8.0035534E-11
      63121.513      63121.513  1.4551915E-11
      64654.996      64654.996  5.0931703E-11
      66205.597      66205.597  4.3655746E-11
      67773.256      67773.256  4.3655746E-11
      69357.910      69357.910  7.2759576E-11
      70959.497      70959.497  1.4551915E-11
      72577.954      72577.954  1.6007107E-10
      74213.218      74213.218  7.2759576E-11
      75865.224      75865.224  4.3655746E-11
      77533.908      77533.908  4.3655746E-11
      79219.203      79219.203  1.0186341E-10
      80921.044      80921.044  1.4551915E-11
      82639.364      82639.364  1.4551915E-11
      84374.094      84374.094  1.1641532E-10
      86125.167      86125.167  5.8207661E-11
      87892.514      87892.514  5.8207661E-11
      89676.066      89676.066  8.7311491E-11
      91475.751      91475.751  1.4551915E-11
      93291.500      93291.500  2.9103830E-11
      95123.242      95123.242  1.1641532E-10
      96970.903      96970.903  1.4551915E-11
      98834.412      98834.412  1.4551915E-11
      100713.70      100713.70      0.0000000
      102608.68      102608.68  2.9103830E-11
      104519.29      104519.29  7.2759576E-11
      106445.45      106445.45  2.9103830E-11
      108387.08      108387.08  1.4551915E-11
      110344.12      110344.12  1.4551915E-11
      112316.47      112316.47  5.8207661E-11
      114304.07      114304.07  4.3655746E-11
      116306.83      116306.83  2.9103830E-11
      118324.69      118324.69  7.2759576E-11
      120357.55      120357.55  5.8207661E-11
      122405.33      122405.33  5.8207661E-11
      124467.97      124467.97  1.3096724E-10
      126545.37      126545.37  2.9103830E-11
      128637.45      128637.45  4.3655746E-11
      130744.14      130744.14  4.3655746E-11
      132865.35      132865.35  2.9103830E-11
      135000.99      135000.99  5.8207661E-11
      137150.99      137150.99  8.7311491E-11
      139315.25      139315.25  8.7311491E-11
      141493.70      141493.70  5.8207661E-11
      143686.24      143686.24  2.9103830E-11
      145892.79      145892.79  5.8207661E-11
      148113.27      148113.27  8.7311491E-11
      150347.58      150347.58  1.4551915E-10
      152595.64      152595.64  8.7311491E-11
      154857.37      154857.37  2.9103830E-11
      157132.66      157132.66  5.8207661E-11
      159421.43      159421.43  2.9103830E-11
      161723.60      161723.60  5.8207661E-11
      164039.07      164039.07  8.7311491E-11
      166367.75      166367.75  2.9103830E-11
      168709.54      168709.54  2.9103830E-11
      171064.37      171064.37  5.8207661E-11
      173432.13      173432.13  2.9103830E-11
      175812.73      175812.73  5.8207661E-11
      178206.07      178206.07  5.8207661E-11
      180612.07      180612.07  5.8207661E-11
      183030.63      183030.63  8.7311491E-11
      185461.65      185461.65  5.8207661E-11
      187905.04      187905.04  2.9103830E-11
      190360.70      190360.70      0.0000000
      192828.54      192828.54  8.7311491E-11
      195308.45      195308.45  2.9103830E-11
      197800.35      197800.35      0.0000000
      200304.13      200304.13  5.8207661E-11
      202819.69      202819.69      0.0000000
      205346.94      205346.94  5.8207661E-11
      207885.77      207885.77  5.8207661E-11
      210436.09      210436.09  2.9103830E-11
      212997.80      212997.80  2.9103830E-11
      215570.79      215570.79  8.7311491E-11
      218154.96      218154.96      0.0000000
      220750.22      220750.22  1.1641532E-10
      223356.46      223356.46  5.8207661E-11
      225973.57      225973.57      0.0000000
      228601.46      228601.46  2.9103830E-11
      231240.03      231240.03  2.9103830E-11
      233889.16      233889.16  5.8207661E-11
      236548.75      236548.75  2.9103830E-11
      239218.70      239218.70  2.9103830E-11
      241898.91      241898.91  2.9103830E-11
      244589.27      244589.27  8.7311491E-11
      247289.66      247289.66  2.9103830E-11
      250000.00      250000.00  5.8207661E-11
      252720.17      252720.17  2.9103830E-11
      255450.05      255450.05  2.9103830E-11
      258189.56      258189.56      0.0000000
      260938.57      260938.57  2.9103830E-11
      263696.99      263696.99      0.0000000
      266464.69      266464.69  5.8207661E-11
      269241.58      269241.58  1.1641532E-10
      272027.54      272027.54      0.0000000
      274822.47      274822.47      0.0000000
      277626.25      277626.25  1.7462298E-10
      280438.77      280438.77  5.8207661E-11
      283259.93      283259.93  5.8207661E-11
      286089.60      286089.60  5.8207661E-11
      288927.70      288927.70      0.0000000
      291774.09      291774.09  5.8207661E-11
      294628.66      294628.66  5.8207661E-11
      297491.32      297491.32  1.1641532E-10
      300361.93      300361.93      0.0000000
      303240.40      303240.40  2.3283064E-10
      306126.60      306126.60  5.8207661E-10
      309020.43      309020.43  3.4924597E-10
      311921.76      311921.76      0.0000000
      314830.49      314830.49  1.1641532E-10
      317746.50      317746.50  3.4924597E-10
      320669.68      320669.68  4.0745363E-10
      323599.91      323599.91  2.9103830E-10
      326537.08      326537.08  5.8207661E-11
      329481.06      329481.06  5.8207661E-11
      332431.75      332431.75  2.9103830E-10
      335389.03      335389.03  1.7462298E-10
      338352.79      338352.79  1.1641532E-10
      341322.89      341322.89      0.0000000
      344299.24      344299.24  1.7462298E-10
      347281.71      347281.71  2.9103830E-10
      350270.19      350270.19  2.3283064E-10
      353264.55      353264.55  1.7462298E-10
      356264.68      356264.68  1.1641532E-10
      359270.47      359270.47  2.3283064E-10
      362281.79      362281.79  1.7462298E-10
      365298.52      365298.52  1.1641532E-10
      368320.55      368320.55  1.7462298E-10
      371347.76      371347.76  1.7462298E-10
      374380.02      374380.02  5.8207661E-11
      377417.23      377417.23  1.7462298E-10
      380459.26      380459.26  1.1641532E-10
      383505.98      383505.98  2.3283064E-10
      386557.29      386557.29  1.1641532E-10
      389613.06      389613.06  2.9103830E-10
      392673.17      392673.17  2.3283064E-10
      395737.49      395737.49  1.1641532E-10
      398805.92      398805.92  2.9103830E-10
      401878.33      401878.33  5.8207661E-11
      404954.59      404954.59  5.8207661E-11
      408034.60      408034.60  2.9103830E-10
      411118.22      411118.22  5.8207661E-11
      414205.33      414205.33  3.4924597E-10
      417295.82      417295.82  2.3283064E-10
      420389.56      420389.56  1.7462298E-10
      423486.43      423486.43  5.8207661E-11
      426586.30      426586.30  5.8207661E-11
      429689.07      429689.07  3.4924597E-10
      432794.60      432794.60  5.8207661E-11
      435902.77      435902.77  1.7462298E-10
      439013.46      439013.46  1.7462298E-10
      442126.55      442126.55  1.1641532E-10
      445241.92      445241.92  2.9103830E-10
      448359.44      448359.44  1.7462298E-10
      451478.99      451478.99  1.1641532E-10
      454600.45      454600.45  1.1641532E-10
      457723.69      457723.69  1.1641532E-10
      460848.59      460848.59  2.3283064E-10
      463975.04      463975.04  1.7462298E-10
      467102.90      467102.90  1.1641532E-10
      470232.05      470232.05  2.3283064E-10
      473362.38      473362.38  1.7462298E-10
      476493.75      476493.75  1.1641532E-10
      479626.05      479626.05  3.4924597E-10
      482759.15      482759.15      0.0000000
      485892.92      485892.92  1.7462298E-10
      489027.25      489027.25  2.3283064E-10
      492162.02      492162.02  2.3283064E-10
      495297.09      495297.09  1.7462298E-10
      498432.34      498432.34  1.7462298E-10
      501567.66      501567.66  5.8207661E-11
      504702.91      504702.91  1.1641532E-10
      507837.98      507837.98  1.1641532E-10
      510972.75      510972.75  1.1641532E-10
      514107.08      514107.08  1.7462298E-10
      517240.85      517240.85  1.7462298E-10
      520373.95      520373.95  2.9103830E-10
      523506.25      523506.25  1.1641532E-10
      526637.62      526637.62  1.1641532E-10
      529767.95      529767.95  4.6566129E-10
      532897.10      532897.10      0.0000000
      536024.96      536024.96  2.3283064E-10
      539151.41      539151.41  3.4924597E-10
      542276.31      542276.31  1.1641532E-10
      545399.55      545399.55  2.3283064E-10
      548521.01      548521.01  2.3283064E-10
      551640.56      551640.56  1.1641532E-10
      554758.08      554758.08  2.3283064E-10
      557873.45      557873.45      0.0000000
      560986.54      560986.54  3.4924597E-10
      564097.23      564097.23  2.3283064E-10
      567205.40      567205.40  1.1641532E-10
      570310.93      570310.93  2.3283064E-10
      573413.70      573413.70  2.3283064E-10
      576513.57      576513.57  1.1641532E-10
      579610.44      579610.44      0.0000000
      582704.18      582704.18  1.1641532E-10
      585794.67      585794.67  1.1641532E-10
      588881.78      588881.78  1.1641532E-10
      591965.40      591965.40      0.0000000
      595045.41      595045.41  2.3283064E-10
      598121.67      598121.67  2.3283064E-10
      601194.08      601194.08  1.1641532E-10
      604262.51      604262.51  1.1641532E-10
      607326.83      607326.83  2.3283064E-10
      610386.94      610386.94  1.1641532E-10
      613442.71      613442.71  1.1641532E-10
      616494.02      616494.02  2.3283064E-10
      619540.74      619540.74  1.1641532E-10
      622582.77      622582.77  1.1641532E-10
      625619.98      625619.98  1.1641532E-10
      628652.24      628652.24  3.4924597E-10
      631679.45      631679.45  2.3283064E-10
      634701.48      634701.48  1.1641532E-10
      637718.21      637718.21      0.0000000
      640729.53      640729.53  2.3283064E-10
      643735.32      643735.32  1.1641532E-10
      646735.45      646735.45  2.3283064E-10
      649729.81      649729.81  1.1641532E-10
      652718.29      652718.29      0.0000000
      655700.76      655700.76  1.1641532E-10
      658677.11      658677.11  1.1641532E-10
      661647.21      661647.21  1.1641532E-10
      664610.97      664610.97  2.3283064E-10
      667568.25      667568.25  1.1641532E-10
      670518.94      670518.94  1.1641532E-10
      673462.92      673462.92      0.0000000
      676400.09      676400.09  2.3283064E-10
      679330.32      679330.32  3.4924597E-10
      682253.50      682253.50  2.3283064E-10
      685169.51      685169.51  1.1641532E-10
      688078.24      688078.24  2.3283064E-10
      690979.57      690979.57  2.3283064E-10
      693873.40      693873.40      0.0000000
      696759.60      696759.60  2.3283064E-10
      699638.07      699638.07  3.4924597E-10
      702508.68      702508.68  1.1641532E-10
      705371.34      705371.34  2.3283064E-10
      708225.91      708225.91  2.3283064E-10
      711072.30      711072.30  1.1641532E-10
      713910.40      713910.40  2.3283064E-10
      716740.07      716740.07  2.3283064E-10
      719561.23      719561.23  2.3283064E-10
      722373.75      722373.75  4.6566129E-10
      725177.53      725177.53  3.4924597E-10
      727972.46      727972.46  3.4924597E-10
      730758.42      730758.42  1.1641532E-10
      733535.31      733535.31  1.1641532E-10
      736303.01      736303.01      0.0000000
      739061.43      739061.43  3.4924597E-10
      741810.44      741810.44  3.4924597E-10
      744549.95      744549.95  1.1641532E-10
      747279.83      747279.83  1.1641532E-10
      750000.00      750000.00  1.1641532E-10
      752710.34      752710.34  3.4924597E-10
      755410.73      755410.73  3.4924597E-10
      758101.09      758101.09  1.1641532E-10
      760781.30      760781.30  1.1641532E-10
      763451.25      763451.25  2.3283064E-10
      766110.84      766110.84  2.3283064E-10
      768759.97      768759.97  1.1641532E-10
      771398.54      771398.54  1.1641532E-10
      774026.43      774026.43  2.3283064E-10
      776643.54      776643.54  1.1641532E-10
      779249.78      779249.78      0.0000000
      781845.04      781845.04      0.0000000
      784429.21      784429.21  3.4924597E-10
      787002.20      787002.20  1.1641532E-10
      789563.91      789563.91  2.3283064E-10
      792114.23      792114.23      0.0000000
      794653.06      794653.06  4.6566129E-10
      797180.31      797180.31  2.3283064E-10
      799695.87      799695.87  1.1641532E-10
      802199.65      802199.65  1.1641532E-10
      804691.55      804691.55      0.0000000
      807171.46      807171.46  2.3283064E-10
      809639.30      809639.30      0.0000000
      812094.96      812094.96  3.4924597E-10
      814538.35      814538.35      0.0000000
      816969.37      816969.37      0.0000000
      819387.93      819387.93      0.0000000
      821793.93      821793.93  2.3283064E-10
      824187.27      824187.27  2.3283064E-10
      826567.87      826567.87  2.3283064E-10
      828935.63      828935.63  3.4924597E-10
      831290.46      831290.46  4.6566129E-10
      833632.25      833632.25  2.3283064E-10
      835960.93      835960.93  3.4924597E-10
      838276.40      838276.40      0.0000000
      840578.57      840578.57  3.4924597E-10
      842867.34      842867.34      0.0000000
      845142.63      845142.63  1.1641532E-10
      847404.36      847404.36  2.3283064E-10
      849652.42      849652.42  1.1641532E-10
      851886.73      851886.73  2.3283064E-10
      854107.21      854107.21  5.8207661E-10
      856313.76      856313.76  1.1641532E-10
      858506.30      858506.30  2.3283064E-10
      860684.75      860684.75  2.3283064E-10
      862849.01      862849.01  1.1641532E-10
      864999.01      864999.01  1.1641532E-10
      867134.65      867134.65  1.1641532E-10
      869255.86      869255.86  1.1641532E-10
      871362.55      871362.55  1.1641532E-10
      873454.63      873454.63  2.3283064E-10
      875532.03      875532.03  1.1641532E-10
      877594.67      877594.67  5.8207661E-10
      879642.45      879642.45  1.1641532E-10
      881675.31      881675.31  3.4924597E-10
      883693.17      883693.17  1.1641532E-10
      885695.93      885695.93  4.6566129E-10
      887683.53      887683.53  3.4924597E-10
      889655.88      889655.88  4.6566129E-10
      891612.92      891612.92      0.0000000
      893554.55      893554.55  1.1641532E-10
      895480.71      895480.71  1.1641532E-10
      897391.32      897391.32  4.6566129E-10
      899286.30      899286.30  3.4924597E-10
      901165.59      901165.59  3.4924597E-10
      903029.10      903029.10  4.6566129E-10
      904876.76      904876.76  1.1641532E-10
      906708.50      906708.50  4.6566129E-10
      908524.25      908524.25      0.0000000
      910323.93      910323.93  2.3283064E-10
      912107.49      912107.49  2.3283064E-10
      913874.83      913874.83  1.1641532E-10
      915625.91      915625.91  4.6566129E-10
      917360.64      917360.64  2.3283064E-10
      919078.96      919078.96      0.0000000
      920780.80      920780.80  1.1641532E-10
      922466.09      922466.09  4.6566129E-10
      924134.78      924134.78  1.1641532E-10
      925786.78      925786.78  3.4924597E-10
      927422.05      927422.05  2.3283064E-10
      929040.50      929040.50  1.1641532E-10
      930642.09      930642.09  2.3283064E-10
      932226.74      932226.74  1.1641532E-10
      933794.40      933794.40  2.3283064E-10
      935345.00      935345.00  1.1641532E-10
      936878.49      936878.49  1.1641532E-10
      938394.79      938394.79      0.0000000
      939893.86      939893.86      0.0000000
      941375.63      941375.63  2.3283064E-10
      942840.04      942840.04  2.3283064E-10
      944287.04      944287.04  3.4924597E-10
      945716.58      945716.58  4.6566129E-10
      947128.58      947128.58  1.1641532E-10
      948523.01      948523.01  1.1641532E-10
      949899.79      949899.79  2.3283064E-10
      951258.89      951258.89  1.1641532E-10
      952600.25      952600.25  1.1641532E-10
      953923.80      953923.80  2.3283064E-10
      955229.51      955229.51  1.1641532E-10
      956517.32      956517.32  1.1641532E-10
      957787.18      957787.18  2.3283064E-10
      959039.03      959039.03  2.3283064E-10
      960272.84      960272.84  1.1641532E-10
      961488.55      961488.55  2.3283064E-10
      962686.11      962686.11      0.0000000
      963865.48      963865.48  4.6566129E-10
      965026.61      965026.61      0.0000000
      966169.46      966169.46  1.1641532E-10
      967293.97      967293.97  2.3283064E-10
      968400.11      968400.11  2.3283064E-10
      969487.84      969487.84  1.1641532E-10
      970557.10      970557.10  4.6566129E-10
      971607.86      971607.86      0.0000000
      972640.07      972640.07  1.1641532E-10
      973653.70      973653.70      0.0000000
      974648.71      974648.71  1.1641532E-10
      975625.05      975625.05  2.3283064E-10
      976582.69      976582.69  4.6566129E-10
      977521.59      977521.59      0.0000000
      978441.72      978441.72  2.3283064E-10
      979343.03      979343.03  1.1641532E-10
      980225.49      980225.49      0.0000000
      981089.07      981089.07  1.1641532E-10
      981933.74      981933.74  2.3283064E-10
      982759.45      982759.45      0.0000000
      983566.18      983566.18  1.1641532E-10
      984353.90      984353.90  1.1641532E-10
      985122.57      985122.57      0.0000000
      985872.17      985872.17  2.3283064E-10
      986602.66      986602.66  1.1641532E-10
      987314.01      987314.01  3.4924597E-10
      988006.21      988006.21  2.3283064E-10
      988679.22      988679.22  1.1641532E-10
      989333.01      989333.01      0.0000000
      989967.56      989967.56  1.1641532E-10
      990582.85      990582.85  1.1641532E-10
      991178.84      991178.84  2.3283064E-10
      991755.52      991755.52  1.1641532E-10
      992312.87      992312.87  3.4924597E-10
      992850.85      992850.85  1.1641532E-10
      993369.46      993369.46  2.3283064E-10
      993868.67      993868.67  3.4924597E-10
      994348.46      994348.46  1.1641532E-10
      994808.81      994808.81  2.3283064E-10
      995249.70      995249.70  1.1641532E-10
      995671.12      995671.12      0.0000000
      996073.05      996073.05  1.1641532E-10
      996455.48      996455.48  1.1641532E-10
      996818.38      996818.38  4.6566129E-10
      997161.75      997161.75  2.3283064E-10
      997485.57      997485.57      0.0000000
      997789.83      997789.83  2.3283064E-10
      998074.51      998074.51  2.3283064E-10
      998339.61      998339.61  2.3283064E-10
      998585.11      998585.11  1.1641532E-10
      998811.01      998811.01  4.6566129E-10
      999017.30      999017.30  2.3283064E-10
      999203.96      999203.96  1.1641532E-10
      999371.00      999371.00      0.0000000
      999518.40      999518.40      0.0000000
      999646.15      999646.15  4.6566129E-10
      999754.26      999754.26  2.3283064E-10
      999842.72      999842.72  1.1641532E-10
      999911.53      999911.53  1.1641532E-10
      999960.68      999960.68  2.3283064E-10
      999990.17      999990.17      0.0000000
