Results from Diagonalization of Toeplitz Matrix
         exact:     armadillo:         error:
      9.8498867      9.8498867  6.5451466E-10
      39.399450      39.399450  3.9736392E-10
      88.648398      88.648398  1.0361134E-10
      157.59625      157.59625  9.1881702E-10
      246.24232      246.24232  5.4828320E-10
      354.58573      354.58573  6.7291239E-10
      482.62543      482.62543  4.1990234E-10
      630.36015      630.36015  7.9694473E-10
      797.78843      797.78843  4.4155968E-10
      984.90863      984.90863  7.7761797E-10
      1191.7189      1191.7189  4.6588866E-10
      1418.2172      1418.2172  4.4428816E-10
      1664.4013      1664.4013  8.8448360E-11
      1930.2688      1930.2688  2.2350832E-10
      2215.8170      2215.8170  8.4310159E-10
      2521.0432      2521.0432  3.7834980E-10
      2845.9444      2845.9444  8.1854523E-12
      3190.5173      3190.5173  4.3110049E-10
      3554.7585      3554.7585  3.2014214E-10
      3938.6645      3938.6645  4.1563908E-10
      4342.2314      4342.2314  4.5565685E-10
      4765.4554      4765.4554  5.0658855E-10
      5208.3322      5208.3322  1.8280844E-10
      5670.8575      5670.8575  5.4569682E-11
      6153.0267      6153.0267  2.4920155E-10
      6654.8350      6654.8350  7.6761353E-10
      7176.2776      7176.2776  2.7830538E-10
      7717.3493      7717.3493  1.4915713E-10
      8278.0447      8278.0447  1.3824319E-10
      8858.3583      8858.3583  3.4015102E-10
      9458.2845      9458.2845  5.0204108E-10
      10077.817      10077.817  3.5288394E-10
      10716.951      10716.951  1.8735591E-10
      11375.678      11375.678  3.6015990E-10
      12053.993      12053.993  4.6929927E-10
      12751.890      12751.890  6.1663741E-10
      13469.360      13469.360  6.0208549E-10
      14206.398      14206.398  6.1299943E-10
      14962.995      14962.995  6.7120709E-10
      15739.145      15739.145  6.6756911E-10
      16534.839      16534.839  5.7116267E-10
      17350.071      17350.071  6.4392225E-10
      18184.831      18184.831  6.9121597E-10
      19039.112      19039.112  7.8216544E-10
      19912.905      19912.905  1.0368240E-09
      20806.202      20806.202  1.1277734E-09
      21718.994      21718.994  1.0586518E-09
      22651.271      22651.271  5.8935257E-10
      23603.025      23603.025  1.0913936E-09
      24574.247      24574.247  3.3833203E-10
      25564.926      25564.926  5.0567905E-10
      26575.053      26575.053  3.6379788E-11
      27604.618      27604.618  3.3469405E-10
      28653.611      28653.611  4.1472958E-10
      29722.022      29722.022  7.2759576E-10
      30809.840      30809.840  1.0586518E-09
      31917.053      31917.053  2.6557245E-10
      33043.653      33043.653  9.3132257E-10
      34189.626      34189.626  1.1204975E-09
      35354.963      35354.963  8.0035534E-10
      36539.651      36539.651  9.9680619E-10
      37743.679      37743.679  4.3655746E-10
      38967.035      38967.035  6.9849193E-10
      40209.707      40209.707  8.2218321E-10
      41471.682      41471.682  8.2218321E-10
      42752.949      42752.949  7.6397555E-10
      44053.495      44053.495  1.0477379E-09
      45373.306      45373.306  4.5110937E-10
      46712.371      46712.371  7.9307938E-10
      48070.675      48070.675  6.6938810E-10
      49448.205      49448.205  5.1659299E-10
      50844.948      50844.948  2.8376235E-10
      52260.890      52260.890  1.0477379E-09
      53696.017      53696.017  5.8207661E-10
      55150.314      55150.314  6.4028427E-10
      56623.769      56623.769  8.1490725E-10
      58116.365      58116.365  7.2031980E-10
      59628.089      59628.089  3.2741809E-10
      61158.925      61158.925  4.4383341E-10
      62708.859      62708.859  2.1100277E-10
      64277.874      64277.874  8.2218321E-10
      65865.956      65865.956  5.5297278E-10
      67473.090      67473.090  8.1490725E-10
      69099.258      69099.258  3.0559022E-10
      70744.446      70744.446  5.2386895E-10
      72408.636      72408.636  7.8580342E-10
      74091.813      74091.813  6.4028427E-10
      75793.960      75793.960  8.2945917E-10
      77515.061      77515.061  3.0559022E-10
      79255.097      79255.097  9.0221874E-10
      81014.053      81014.053  6.9849193E-10
      82791.910      82791.910  9.4587449E-10
      84588.652      84588.652  5.6752469E-10
      86404.260      86404.260  7.2759576E-10
      88238.717      88238.717  4.6566129E-10
      90092.005      90092.005  8.0035534E-10
      91964.105      91964.105  6.9849193E-10
      93854.999      93854.999  2.3283064E-10
      95764.668      95764.668  1.8917490E-10
      97693.094      97693.094  4.3655746E-10
      99640.257      99640.257  3.4924597E-10
      101606.14      101606.14  8.7311491E-11
      103590.72      103590.72  5.2386895E-10
      105593.98      105593.98  7.2759576E-10
      107615.90      107615.90  3.2014214E-10
      109656.46      109656.46  8.7311491E-11
      111715.64      111715.64  2.9103830E-10
      113793.42      113793.42  1.6007107E-10
      115889.77      115889.77  1.6007107E-10
      118004.69      118004.69  7.4214768E-10
      120138.14      120138.14  2.9103830E-10
      122290.11      122290.11  7.2759576E-11
      124460.58      124460.58  1.4551915E-11
      126649.52      126649.52  1.3096724E-10
      128856.91      128856.91  8.7311491E-11
      131082.73      131082.73      0.0000000
      133326.96      133326.96  2.3283064E-10
      135589.57      135589.57  2.6193447E-10
      137870.56      137870.56  8.7311491E-11
      140169.88      140169.88  2.3283064E-10
      142487.52      142487.52  1.4551915E-10
      144823.46      144823.46  8.7311491E-11
      147177.67      147177.67  3.4924597E-10
      149550.13      149550.13  2.3283064E-10
      151940.82      151940.82  8.7311491E-11
      154349.71      154349.71      0.0000000
      156776.78      156776.78      0.0000000
      159222.01      159222.01  5.5297278E-10
      161685.36      161685.36  5.8207661E-10
      164166.83      164166.83  7.2759576E-10
      166666.38      166666.38  3.4924597E-10
      169183.98      169183.98  5.8207661E-10
      171719.62      171719.62  2.9103830E-10
      174273.27      174273.27  3.7834980E-10
      176844.90      176844.90  6.1118044E-10
      179434.49      179434.49  6.1118044E-10
      182042.01      182042.01  1.7462298E-10
      184667.44      184667.44  2.3283064E-10
      187310.75      187310.75      0.0000000
      189971.91      189971.91  2.0372681E-10
      192650.90      192650.90  2.0372681E-10
      195347.69      195347.69  2.0372681E-10
      198062.26      198062.26  5.8207661E-11
      200794.58      200794.58  1.1641532E-10
      203544.62      203544.62  2.6193447E-10
      206312.36      206312.36  1.4551915E-10
      209097.76      209097.76  2.6193447E-10
      211900.80      211900.80  3.4924597E-10
      214721.46      214721.46  6.1118044E-10
      217559.70      217559.70  3.7834980E-10
      220415.50      220415.50  2.9103830E-10
      223288.82      223288.82  1.7462298E-10
      226179.65      226179.65  2.3283064E-10
      229087.95      229087.95  1.4551915E-10
      232013.69      232013.69  2.3283064E-10
      234956.85      234956.85  3.7834980E-10
      237917.39      237917.39  5.8207661E-11
      240895.29      240895.29  1.4551915E-10
      243890.51      243890.51  2.3283064E-10
      246903.03      246903.03  1.1641532E-10
      249932.82      249932.82  2.6193447E-10
      252979.85      252979.85  2.3283064E-10
      256044.09      256044.09  3.2014214E-10
      259125.50      259125.50  5.8207661E-11
      262224.06      262224.06  5.2386895E-10
      265339.74      265339.74  1.1641532E-10
      268472.51      268472.51  5.8207661E-11
      271622.32      271622.32  1.1641532E-10
      274789.17      274789.17  4.6566129E-10
      277973.01      277973.01  1.7462298E-10
      281173.80      281173.80  4.6566129E-10
      284391.53      284391.53  3.4924597E-10
      287626.16      287626.16  2.3283064E-10
      290877.66      290877.66      0.0000000
      294145.99      294145.99  3.4924597E-10
      297431.12      297431.12  4.0745363E-10
      300733.02      300733.02  2.3283064E-10
      304051.66      304051.66  4.0745363E-10
      307387.00      307387.00  2.9103830E-10
      310739.02      310739.02  4.0745363E-10
      314107.67      314107.67  1.1641532E-10
      317492.93      317492.93  1.1641532E-10
      320894.77      320894.77      0.0000000
      324313.14      324313.14  1.1641532E-10
      327748.02      327748.02  4.6566129E-10
      331199.37      331199.37  5.8207661E-11
      334667.15      334667.15  5.8207661E-11
      338151.34      338151.34  1.1641532E-10
      341651.90      341651.90  1.1641532E-10
      345168.80      345168.80  1.7462298E-10
      348701.99      348701.99  2.3283064E-10
      352251.45      352251.45  5.8207661E-11
      355817.14      355817.14      0.0000000
      359399.02      359399.02  5.8207661E-10
      362997.07      362997.07  1.7462298E-10
      366611.23      366611.23  2.3283064E-10
      370241.49      370241.49  1.1641532E-10
      373887.80      373887.80  5.2386895E-10
      377550.13      377550.13      0.0000000
      381228.44      381228.44  3.4924597E-10
      384922.69      384922.69  2.3283064E-10
      388632.85      388632.85  1.7462298E-10
      392358.88      392358.88  2.9103830E-10
      396100.75      396100.75  1.7462298E-10
      399858.41      399858.41  4.0745363E-10
      403631.84      403631.84  1.7462298E-10
      407420.99      407420.99  5.8207661E-11
      411225.83      411225.83  3.4924597E-10
      415046.32      415046.32  4.0745363E-10
      418882.41      418882.41  1.1641532E-10
      422734.09      422734.09  1.7462298E-10
      426601.30      426601.30  4.6566129E-10
      430484.00      430484.00  2.3283064E-10
      434382.17      434382.17  5.8207661E-11
      438295.75      438295.75  2.3283064E-10
      442224.72      442224.72      0.0000000
      446169.04      446169.04  2.3283064E-10
      450128.65      450128.65  2.3283064E-10
      454103.54      454103.54  5.8207661E-11
      458093.65      458093.65  5.8207661E-11
      462098.95      462098.95  3.4924597E-10
      466119.40      466119.40  2.9103830E-10
      470154.95      470154.95  1.1641532E-10
      474205.58      474205.58  3.4924597E-10
      478271.23      478271.23  1.1641532E-10
      482351.87      482351.87      0.0000000
      486447.46      486447.46  4.0745363E-10
      490557.96      490557.96  5.8207661E-11
      494683.33      494683.33      0.0000000
      498823.52      498823.52      0.0000000
      502978.50      502978.50  1.7462298E-10
      507148.23      507148.23  5.8207661E-11
      511332.66      511332.66  5.8207661E-11
      515531.75      515531.75  1.7462298E-10
      519745.47      519745.47      0.0000000
      523973.77      523973.77  1.1641532E-10
      528216.60      528216.60  1.1641532E-10
      532473.93      532473.93  2.3283064E-10
      536745.72      536745.72  1.1641532E-10
      541031.92      541031.92  1.1641532E-10
      545332.49      545332.49  3.4924597E-10
      549647.39      549647.39  2.3283064E-10
      553976.57      553976.57  1.1641532E-10
      558320.00      558320.00  1.1641532E-10
      562677.62      562677.62      0.0000000
      567049.41      567049.41      0.0000000
      571435.31      571435.31      0.0000000
      575835.28      575835.28  3.4924597E-10
      580249.28      580249.28      0.0000000
      584677.26      584677.26  4.6566129E-10
      589119.19      589119.19  1.1641532E-10
      593575.01      593575.01  5.8207661E-10
      598044.68      598044.68  1.1641532E-10
      602528.16      602528.16  1.1641532E-10
      607025.41      607025.41  3.4924597E-10
      611536.38      611536.38  2.3283064E-10
      616061.02      616061.02  2.3283064E-10
      620599.30      620599.30  1.1641532E-10
      625151.16      625151.16      0.0000000
      629716.57      629716.57  6.9849193E-10
      634295.47      634295.47      0.0000000
      638887.83      638887.83      0.0000000
      643493.59      643493.59  1.1641532E-10
      648112.71      648112.71  1.1641532E-10
      652745.15      652745.15  1.1641532E-10
      657390.86      657390.86  2.3283064E-10
      662049.79      662049.79  3.4924597E-10
      666721.91      666721.91  5.8207661E-10
      671407.15      671407.15  1.1641532E-10
      676105.48      676105.48  6.9849193E-10
      680816.85      680816.85  4.6566129E-10
      685541.22      685541.22  3.4924597E-10
      690278.53      690278.53  2.3283064E-10
      695028.75      695028.75  2.3283064E-10
      699791.81      699791.81  4.6566129E-10
      704567.69      704567.69  1.1641532E-10
      709356.32      709356.32  1.1641532E-10
      714157.67      714157.67  1.1641532E-10
      718971.68      718971.68  2.3283064E-10
      723798.31      723798.31  3.4924597E-10
      728637.51      728637.51  1.1641532E-10
      733489.23      733489.23  3.4924597E-10
      738353.43      738353.43  1.1641532E-10
      743230.06      743230.06  8.1490725E-10
      748119.06      748119.06      0.0000000
      753020.40      753020.40  4.6566129E-10
      757934.01      757934.01  2.3283064E-10
      762859.87      762859.87  1.1641532E-10
      767797.90      767797.90  1.1641532E-10
      772748.08      772748.08  1.1641532E-10
      777710.34      777710.34  6.9849193E-10
      782684.64      782684.64  5.8207661E-10
      787670.94      787670.94  5.8207661E-10
      792669.17      792669.17  5.8207661E-10
      797679.30      797679.30  2.3283064E-10
      802701.27      802701.27  3.4924597E-10
      807735.03      807735.03  3.4924597E-10
      812780.54      812780.54  4.6566129E-10
      817837.73      817837.73      0.0000000
      822906.58      822906.58  4.6566129E-10
      827987.02      827987.02  6.9849193E-10
      833079.00      833079.00  8.1490725E-10
      838182.48      838182.48      0.0000000
      843297.40      843297.40  4.6566129E-10
      848423.71      848423.71  2.3283064E-10
      853561.37      853561.37  1.1641532E-10
      858710.32      858710.32  2.3283064E-10
      863870.51      863870.51  2.3283064E-10
      869041.89      869041.89  2.3283064E-10
      874224.41      874224.41      0.0000000
      879418.02      879418.02      0.0000000
      884622.67      884622.67  1.1641532E-10
      889838.30      889838.30  1.1641532E-10
      895064.87      895064.87  3.4924597E-10
      900302.32      900302.32  1.1641532E-10
      905550.60      905550.60  3.4924597E-10
      910809.67      910809.67  1.1641532E-10
      916079.46      916079.46  1.1641532E-10
      921359.93      921359.93  1.1641532E-10
      926651.02      926651.02      0.0000000
      931952.69      931952.69  6.9849193E-10
      937264.88      937264.88  6.9849193E-10
      942587.53      942587.53  5.8207661E-10
      947920.60      947920.60  3.4924597E-10
      953264.03      953264.03  1.1641532E-10
      958617.78      958617.78  3.4924597E-10
      963981.78      963981.78  2.3283064E-10
      969355.98      969355.98  2.3283064E-10
      974740.34      974740.34  1.1641532E-10
      980134.79      980134.79  3.4924597E-10
      985539.29      985539.29      0.0000000
      990953.78      990953.78  3.4924597E-10
      996378.22      996378.22  3.4924597E-10
      1001812.5      1001812.5  2.3283064E-10
      1007256.7      1007256.7  2.3283064E-10
      1012710.6      1012710.6  2.3283064E-10
      1018174.3      1018174.3  2.3283064E-10
      1023647.6      1023647.6  1.1641532E-10
      1029130.5      1029130.5  1.1641532E-10
      1034623.0      1034623.0  1.1641532E-10
      1040125.0      1040125.0  1.1641532E-10
      1045636.5      1045636.5  2.3283064E-10
      1051157.4      1051157.4      0.0000000
      1056687.6      1056687.6  2.3283064E-10
      1062227.1      1062227.1      0.0000000
      1067775.8      1067775.8  4.6566129E-10
      1073333.8      1073333.8  4.6566129E-10
      1078900.8      1078900.8  2.3283064E-10
      1084476.9      1084476.9  4.6566129E-10
      1090062.1      1090062.1  2.3283064E-10
      1095656.2      1095656.2  4.6566129E-10
      1101259.2      1101259.2  2.3283064E-10
      1106871.1      1106871.1      0.0000000
      1112491.7      1112491.7  2.3283064E-10
      1118121.1      1118121.1  6.9849193E-10
      1123759.2      1123759.2  2.3283064E-10
      1129405.9      1129405.9  2.3283064E-10
      1135061.2      1135061.2  2.3283064E-10
      1140725.1      1140725.1  4.6566129E-10
      1146397.3      1146397.3  2.3283064E-09
      1152078.0      1152078.0  1.1641532E-09
      1157767.1      1157767.1  6.9849193E-10
      1163464.4      1163464.4  6.9849193E-10
      1169170.0      1169170.0  2.3283064E-09
      1174883.7      1174883.7  1.3969839E-09
      1180605.6      1180605.6  5.1222742E-09
      1186335.6      1186335.6  1.3969839E-09
      1192073.5      1192073.5  1.1641532E-09
      1197819.5      1197819.5      0.0000000
      1203573.3      1203573.3  1.8626451E-09
      1209335.0      1209335.0  1.8626451E-09
      1215104.4      1215104.4  1.1641532E-09
      1220881.6      1220881.6      0.0000000
      1226666.5      1226666.5  4.6566129E-10
      1232459.0      1232459.0  9.3132257E-10
      1238259.0      1238259.0  9.3132257E-10
      1244066.6      1244066.6  2.3283064E-10
      1249881.6      1249881.6  1.1641532E-09
      1255704.0      1255704.0  1.3969839E-09
      1261533.7      1261533.7  4.6566129E-10
      1267370.7      1267370.7  1.3969839E-09
      1273214.9      1273214.9  4.6566129E-10
      1279066.3      1279066.3  2.3283064E-10
      1284924.7      1284924.7  9.3132257E-10
      1290790.2      1290790.2  6.9849193E-10
      1296662.7      1296662.7  4.6566129E-10
      1302542.1      1302542.1  4.6566129E-10
      1308428.4      1308428.4  9.3132257E-10
      1314321.5      1314321.5  1.6298145E-09
      1320221.4      1320221.4  1.3969839E-09
      1326128.0      1326128.0  2.3283064E-10
      1332041.1      1332041.1  1.1641532E-09
      1337960.9      1337960.9  4.6566129E-10
      1343887.2      1343887.2  9.3132257E-10
      1349820.0      1349820.0  1.8626451E-09
      1355759.1      1355759.1  1.3969839E-09
      1361704.6      1361704.6  4.6566129E-10
      1367656.4      1367656.4      0.0000000
      1373614.4      1373614.4  2.3283064E-10
      1379578.6      1379578.6  4.6566129E-10
      1385548.9      1385548.9  1.1641532E-09
      1391525.3      1391525.3  6.9849193E-10
      1397507.6      1397507.6  1.6298145E-09
      1403495.9      1403495.9  9.3132257E-10
      1409490.1      1409490.1  6.9849193E-10
      1415490.0      1415490.0  2.3283064E-10
      1421495.8      1421495.8  6.9849193E-10
      1427507.2      1427507.2  9.3132257E-10
      1433524.3      1433524.3  6.9849193E-10
      1439546.9      1439546.9  2.3283064E-10
      1445575.1      1445575.1  6.9849193E-10
      1451608.7      1451608.7  2.3283064E-10
      1457647.7      1457647.7  6.9849193E-10
      1463692.1      1463692.1      0.0000000
      1469741.8      1469741.8  2.3283064E-10
      1475796.6      1475796.6  4.6566129E-10
      1481856.7      1481856.7  9.3132257E-10
      1487921.8      1487921.8      0.0000000
      1493992.0      1493992.0      0.0000000
      1500067.2      1500067.2      0.0000000
      1506147.3      1506147.3  1.1641532E-09
      1512232.2      1512232.2  1.1641532E-09
      1518322.0      1518322.0  4.6566129E-10
      1524416.5      1524416.5  2.3283064E-10
      1530515.7      1530515.7  2.3283064E-10
      1536619.5      1536619.5  4.6566129E-10
      1542727.9      1542727.9  6.9849193E-10
      1548840.8      1548840.8  6.9849193E-10
      1554958.1      1554958.1  2.3283064E-10
      1561079.8      1561079.8  2.3283064E-10
      1567205.9      1567205.9  9.3132257E-10
      1573336.2      1573336.2  1.1641532E-09
      1579470.7      1579470.7  4.6566129E-10
      1585609.3      1585609.3  6.9849193E-10
      1591752.1      1591752.1  4.6566129E-10
      1597898.8      1597898.8  4.6566129E-10
      1604049.5      1604049.5  1.6298145E-09
      1610204.1      1610204.1  6.9849193E-10
      1616362.6      1616362.6  6.9849193E-10
      1622524.8      1622524.8  6.9849193E-10
      1628690.8      1628690.8      0.0000000
      1634860.4      1634860.4  4.6566129E-10
      1641033.6      1641033.6  2.3283064E-10
      1647210.3      1647210.3  2.3283064E-10
      1653390.5      1653390.5  6.9849193E-10
      1659574.1      1659574.1  9.3132257E-10
      1665761.1      1665761.1  4.6566129E-10
      1671951.4      1671951.4      0.0000000
      1678144.9      1678144.9  4.6566129E-10
      1684341.5      1684341.5  4.6566129E-10
      1690541.3      1690541.3  2.3283064E-10
      1696744.2      1696744.2  2.3283064E-10
      1702950.0      1702950.0  4.6566129E-10
      1709158.7      1709158.7  6.9849193E-10
      1715370.3      1715370.3  2.3283064E-10
      1721584.7      1721584.7  4.6566129E-10
      1727801.9      1727801.9  2.3283064E-10
      1734021.7      1734021.7  2.3283064E-10
      1740244.2      1740244.2  2.3283064E-10
      1746469.2      1746469.2  6.9849193E-10
      1752696.7      1752696.7  2.3283064E-10
      1758926.6      1758926.6  2.3283064E-10
      1765159.0      1765159.0  4.6566129E-10
      1771393.6      1771393.6  1.1641532E-09
      1777630.5      1777630.5  2.3283064E-10
      1783869.6      1783869.6  1.1641532E-09
      1790110.8      1790110.8      0.0000000
      1796354.0      1796354.0  2.3283064E-10
      1802599.3      1802599.3  4.6566129E-10
      1808846.5      1808846.5  2.3283064E-10
      1815095.6      1815095.6  2.3283064E-10
      1821346.6      1821346.6  4.6566129E-10
      1827599.2      1827599.2  4.6566129E-10
      1833853.6      1833853.6  2.3283064E-10
      1840109.6      1840109.6  4.6566129E-10
      1846367.2      1846367.2  4.6566129E-10
      1852626.3      1852626.3  1.6298145E-09
      1858886.9      1858886.9  1.1641532E-09
      1865148.9      1865148.9  6.9849193E-10
      1871412.1      1871412.1  2.3283064E-10
      1877676.7      1877676.7  6.9849193E-10
      1883942.4      1883942.4  2.3283064E-10
      1890209.3      1890209.3  1.1641532E-09
      1896477.3      1896477.3      0.0000000
      1902746.3      1902746.3  1.1641532E-09
      1909016.2      1909016.2  2.3283064E-10
      1915287.1      1915287.1  4.6566129E-10
      1921558.8      1921558.8  1.1641532E-09
      1927831.2      1927831.2  1.1641532E-09
      1934104.4      1934104.4  6.9849193E-10
      1940378.2      1940378.2  4.6566129E-10
      1946652.6      1946652.6  9.3132257E-10
      1952927.5      1952927.5  2.3283064E-10
      1959202.9      1959202.9  4.6566129E-10
      1965478.7      1965478.7  4.6566129E-10
      1971754.9      1971754.9  1.8626451E-09
      1978031.3      1978031.3  4.6566129E-10
      1984307.9      1984307.9  4.6566129E-10
      1990584.7      1990584.7  4.6566129E-10
      1996861.5      1996861.5  4.6566129E-10
      2003138.5      2003138.5      0.0000000
      2009415.3      2009415.3  2.3283064E-10
      2015692.1      2015692.1      0.0000000
      2021968.7      2021968.7  1.3969839E-09
      2028245.1      2028245.1  2.3283064E-10
      2034521.3      2034521.3  1.3969839E-09
      2040797.1      2040797.1  9.3132257E-10
      2047072.5      2047072.5  6.9849193E-10
      2053347.4      2053347.4  6.9849193E-10
      2059621.8      2059621.8  2.3283064E-10
      2065895.6      2065895.6      0.0000000
      2072168.8      2072168.8  6.9849193E-10
      2078441.2      2078441.2  1.1641532E-09
      2084712.9      2084712.9  6.9849193E-10
      2090983.8      2090983.8  4.6566129E-10
      2097253.7      2097253.7      0.0000000
      2103522.7      2103522.7  4.6566129E-10
      2109790.7      2109790.7      0.0000000
      2116057.6      2116057.6  1.3969839E-09
      2122323.3      2122323.3  9.3132257E-10
      2128587.9      2128587.9  9.3132257E-10
      2134851.1      2134851.1  4.6566129E-10
      2141113.1      2141113.1  1.8626451E-09
      2147373.7      2147373.7  4.6566129E-10
      2153632.8      2153632.8      0.0000000
      2159890.4      2159890.4      0.0000000
      2166146.4      2166146.4  9.3132257E-10
      2172400.8      2172400.8  4.6566129E-10
      2178653.4      2178653.4  1.3969839E-09
      2184904.4      2184904.4  9.3132257E-10
      2191153.5      2191153.5  4.6566129E-10
      2197400.7      2197400.7      0.0000000
      2203646.0      2203646.0  9.3132257E-10
      2209889.2      2209889.2  4.6566129E-10
      2216130.4      2216130.4  4.6566129E-10
      2222369.5      2222369.5      0.0000000
      2228606.4      2228606.4  9.3132257E-10
      2234841.0      2234841.0  9.3132257E-10
      2241073.4      2241073.4  2.3283064E-09
      2247303.3      2247303.3  2.7939677E-09
      2253530.8      2253530.8  4.6566129E-10
      2259755.8      2259755.8  9.3132257E-10
      2265978.3      2265978.3  4.6566129E-10
      2272198.1      2272198.1  4.6566129E-10
      2278415.3      2278415.3  9.3132257E-10
      2284629.7      2284629.7  4.6566129E-10
      2290841.3      2290841.3      0.0000000
      2297050.0      2297050.0  9.3132257E-10
      2303255.8      2303255.8  9.3132257E-10
      2309458.7      2309458.7  9.3132257E-10
      2315658.5      2315658.5  1.3969839E-09
      2321855.1      2321855.1  4.6566129E-10
      2328048.6      2328048.6  1.8626451E-09
      2334238.9      2334238.9  9.3132257E-10
      2340425.9      2340425.9  4.6566129E-10
      2346609.5      2346609.5      0.0000000
      2352789.7      2352789.7  4.6566129E-10
      2358966.4      2358966.4  4.6566129E-10
      2365139.6      2365139.6  1.3969839E-09
      2371309.2      2371309.2  4.6566129E-10
      2377475.2      2377475.2  1.3969839E-09
      2383637.4      2383637.4  4.6566129E-10
      2389795.9      2389795.9  4.6566129E-10
      2395950.5      2395950.5      0.0000000
      2402101.2      2402101.2  4.6566129E-10
      2408247.9      2408247.9  1.3969839E-09
      2414390.7      2414390.7  4.6566129E-10
      2420529.3      2420529.3  2.3283064E-09
      2426663.8      2426663.8      0.0000000
      2432794.1      2432794.1  9.3132257E-10
      2438920.2      2438920.2  4.6566129E-10
      2445041.9      2445041.9      0.0000000
      2451159.2      2451159.2  9.3132257E-10
      2457272.1      2457272.1  1.8626451E-09
      2463380.5      2463380.5      0.0000000
      2469484.3      2469484.3  2.7939677E-09
      2475583.5      2475583.5  4.6566129E-10
      2481678.0      2481678.0  1.8626451E-09
      2487767.8      2487767.8  4.6566129E-10
      2493852.7      2493852.7      0.0000000
      2499932.8      2499932.8  4.6566129E-10
      2506008.0      2506008.0  4.6566129E-10
      2512078.2      2512078.2  4.6566129E-10
      2518143.3      2518143.3  9.3132257E-10
      2524203.4      2524203.4  4.6566129E-10
      2530258.2      2530258.2  1.3969839E-09
      2536307.9      2536307.9  9.3132257E-10
      2542352.3      2542352.3  9.3132257E-10
      2548391.3      2548391.3  9.3132257E-10
      2554424.9      2554424.9  4.6566129E-10
      2560453.1      2560453.1      0.0000000
      2566475.7      2566475.7  9.3132257E-10
      2572492.8      2572492.8  1.3969839E-09
      2578504.2      2578504.2  9.3132257E-10
      2584510.0      2584510.0  4.6566129E-10
      2590509.9      2590509.9  1.3969839E-09
      2596504.1      2596504.1      0.0000000
      2602492.4      2602492.4  9.3132257E-10
      2608474.7      2608474.7  1.8626451E-09
      2614451.1      2614451.1      0.0000000
      2620421.4      2620421.4      0.0000000
      2626385.6      2626385.6  2.3283064E-09
      2632343.6      2632343.6  4.1909516E-09
      2638295.4      2638295.4      0.0000000
      2644240.9      2644240.9  9.3132257E-10
      2650180.0      2650180.0  1.8626451E-09
      2656112.8      2656112.8  2.3283064E-09
      2662039.1      2662039.1  2.3283064E-09
      2667958.9      2667958.9  9.3132257E-10
      2673872.0      2673872.0  9.3132257E-10
      2679778.6      2679778.6  1.3969839E-09
      2685678.5      2685678.5  9.3132257E-10
      2691571.6      2691571.6  1.3969839E-09
      2697457.9      2697457.9  9.3132257E-10
      2703337.3      2703337.3  4.6566129E-10
      2709209.8      2709209.8  1.8626451E-09
      2715075.3      2715075.3  9.3132257E-10
      2720933.7      2720933.7  9.3132257E-10
      2726785.1      2726785.1      0.0000000
      2732629.3      2732629.3  9.3132257E-10
      2738466.3      2738466.3  1.3969839E-09
      2744296.0      2744296.0  9.3132257E-10
      2750118.4      2750118.4  9.3132257E-10
      2755933.4      2755933.4  9.3132257E-10
      2761741.0      2761741.0      0.0000000
      2767541.0      2767541.0      0.0000000
      2773333.5      2773333.5      0.0000000
      2779118.4      2779118.4  1.8626451E-09
      2784895.6      2784895.6  4.6566129E-10
      2790665.0      2790665.0      0.0000000
      2796426.7      2796426.7  4.6566129E-10
      2802180.5      2802180.5  1.3969839E-09
      2807926.5      2807926.5  2.3283064E-09
      2813664.4      2813664.4  1.3969839E-09
      2819394.4      2819394.4  1.3969839E-09
      2825116.3      2825116.3  4.6566129E-10
      2830830.0      2830830.0  4.6566129E-10
      2836535.6      2836535.6      0.0000000
      2842232.9      2842232.9  9.3132257E-10
      2847922.0      2847922.0  4.6566129E-10
      2853602.7      2853602.7  4.6566129E-10
      2859274.9      2859274.9  2.3283064E-09
      2864938.8      2864938.8  1.3969839E-09
      2870594.1      2870594.1  9.3132257E-10
      2876240.8      2876240.8  9.3132257E-10
      2881878.9      2881878.9  9.3132257E-10
      2887508.3      2887508.3  9.3132257E-10
      2893128.9      2893128.9      0.0000000
      2898740.8      2898740.8  9.3132257E-10
      2904343.8      2904343.8  1.8626451E-09
      2909937.9      2909937.9  1.8626451E-09
      2915523.1      2915523.1  1.8626451E-09
      2921099.2      2921099.2      0.0000000
      2926666.2      2926666.2  4.6566129E-10
      2932224.2      2932224.2  1.3969839E-09
      2937772.9      2937772.9  1.8626451E-09
      2943312.4      2943312.4  9.3132257E-10
      2948842.6      2948842.6  9.3132257E-10
      2954363.5      2954363.5  4.6566129E-10
      2959875.0      2959875.0  2.3283064E-09
      2965377.0      2965377.0  9.3132257E-10
      2970869.5      2970869.5  2.3283064E-09
      2976352.4      2976352.4  4.6566129E-10
      2981825.7      2981825.7  1.3969839E-09
      2987289.4      2987289.4  2.7939677E-09
      2992743.3      2992743.3  4.6566129E-10
      2998187.5      2998187.5      0.0000000
      3003621.8      3003621.8  1.3969839E-09
      3009046.2      3009046.2  4.6566129E-10
      3014460.7      3014460.7  1.3969839E-09
      3019865.2      3019865.2  1.8626451E-09
      3025259.7      3025259.7  1.3969839E-09
      3030644.0      3030644.0  4.6566129E-10
      3036018.2      3036018.2  9.3132257E-10
      3041382.2      3041382.2  9.3132257E-10
      3046736.0      3046736.0      0.0000000
      3052079.4      3052079.4  1.8626451E-09
      3057412.5      3057412.5  9.3132257E-10
      3062735.1      3062735.1  3.7252903E-09
      3068047.3      3068047.3      0.0000000
      3073349.0      3073349.0  1.8626451E-09
      3078640.1      3078640.1  9.3132257E-10
      3083920.5      3083920.5  1.8626451E-09
      3089190.3      3089190.3  9.3132257E-10
      3094449.4      3094449.4  4.6566129E-10
      3099697.7      3099697.7  4.6566129E-10
      3104935.1      3104935.1      0.0000000
      3110161.7      3110161.7  4.6566129E-10
      3115377.3      3115377.3  3.2596290E-09
      3120582.0      3120582.0  2.3283064E-09
      3125775.6      3125775.6  1.8626451E-09
      3130958.1      3130958.1  4.6566129E-10
      3136129.5      3136129.5  9.3132257E-10
      3141289.7      3141289.7  9.3132257E-10
      3146438.6      3146438.6  2.7939677E-09
      3151576.3      3151576.3  4.6566129E-10
      3156702.6      3156702.6  1.3969839E-09
      3161817.5      3161817.5  1.8626451E-09
      3166921.0      3166921.0      0.0000000
      3172013.0      3172013.0  1.8626451E-09
      3177093.4      3177093.4      0.0000000
      3182162.3      3182162.3  1.3969839E-09
      3187219.5      3187219.5  9.3132257E-10
      3192265.0      3192265.0      0.0000000
      3197298.7      3197298.7  4.6566129E-10
      3202320.7      3202320.7  9.3132257E-10
      3207330.8      3207330.8      0.0000000
      3212329.1      3212329.1  4.6566129E-10
      3217315.4      3217315.4      0.0000000
      3222289.7      3222289.7  1.3969839E-09
      3227251.9      3227251.9  4.6566129E-10
      3232202.1      3232202.1      0.0000000
      3237140.1      3237140.1  9.3132257E-10
      3242066.0      3242066.0  2.3283064E-09
      3246979.6      3246979.6  2.3283064E-09
      3251880.9      3251880.9  4.6566129E-10
      3256769.9      3256769.9  9.3132257E-10
      3261646.6      3261646.6  9.3132257E-10
      3266510.8      3266510.8  9.3132257E-10
      3271362.5      3271362.5  1.3969839E-09
      3276201.7      3276201.7      0.0000000
      3281028.3      3281028.3  4.6566129E-10
      3285842.3      3285842.3  4.6566129E-10
      3290643.7      3290643.7  9.3132257E-10
      3295432.3      3295432.3  9.3132257E-10
      3300208.2      3300208.2      0.0000000
      3304971.3      3304971.3  1.3969839E-09
      3309721.5      3309721.5  9.3132257E-10
      3314458.8      3314458.8      0.0000000
      3319183.1      3319183.1  1.8626451E-09
      3323894.5      3323894.5  9.3132257E-10
      3328592.8      3328592.8  4.6566129E-10
      3333278.1      3333278.1  4.6566129E-10
      3337950.2      3337950.2  1.8626451E-09
      3342609.1      3342609.1  9.3132257E-10
      3347254.8      3347254.8  1.8626451E-09
      3351887.3      3351887.3  9.3132257E-10
      3356506.4      3356506.4  4.6566129E-10
      3361112.2      3361112.2  1.3969839E-09
      3365704.5      3365704.5  1.8626451E-09
      3370283.4      3370283.4  1.3969839E-09
      3374848.8      3374848.8  4.6566129E-10
      3379400.7      3379400.7  4.6566129E-10
      3383939.0      3383939.0  1.3969839E-09
      3388463.6      3388463.6  1.3969839E-09
      3392974.6      3392974.6  4.6566129E-10
      3397471.8      3397471.8  4.6566129E-10
      3401955.3      3401955.3  1.8626451E-09
      3406425.0      3406425.0  9.3132257E-10
      3410880.8      3410880.8  9.3132257E-10
      3415322.7      3415322.7  9.3132257E-10
      3419750.7      3419750.7  2.3283064E-09
      3424164.7      3424164.7  9.3132257E-10
      3428564.7      3428564.7  9.3132257E-10
      3432950.6      3432950.6  1.8626451E-09
      3437322.4      3437322.4  9.3132257E-10
      3441680.0      3441680.0  9.3132257E-10
      3446023.4      3446023.4      0.0000000
      3450352.6      3450352.6  1.3969839E-09
      3454667.5      3454667.5  1.3969839E-09
      3458968.1      3458968.1  2.3283064E-09
      3463254.3      3463254.3  9.3132257E-10
      3467526.1      3467526.1  4.6566129E-10
      3471783.4      3471783.4  2.7939677E-09
      3476026.2      3476026.2  1.3969839E-09
      3480254.5      3480254.5      0.0000000
      3484468.2      3484468.2      0.0000000
      3488667.3      3488667.3      0.0000000
      3492851.8      3492851.8  1.3969839E-09
      3497021.5      3497021.5  9.3132257E-10
      3501176.5      3501176.5  9.3132257E-10
      3505316.7      3505316.7  2.7939677E-09
      3509442.0      3509442.0  1.3969839E-09
      3513552.5      3513552.5  1.8626451E-09
      3517648.1      3517648.1  4.6566129E-10
      3521728.8      3521728.8  9.3132257E-10
      3525794.4      3525794.4  9.3132257E-10
      3529845.0      3529845.0  9.3132257E-10
      3533880.6      3533880.6  1.3969839E-09
      3537901.1      3537901.1      0.0000000
      3541906.3      3541906.3  1.3969839E-09
      3545896.5      3545896.5  1.3969839E-09
      3549871.3      3549871.3      0.0000000
      3553831.0      3553831.0  4.6566129E-10
      3557775.3      3557775.3  4.6566129E-10
      3561704.2      3561704.2  9.3132257E-10
      3565617.8      3565617.8  9.3132257E-10
      3569516.0      3569516.0      0.0000000
      3573398.7      3573398.7  9.3132257E-10
      3577265.9      3577265.9  4.6566129E-10
      3581117.6      3581117.6  1.3969839E-09
      3584953.7      3584953.7  9.3132257E-10
      3588774.2      3588774.2  4.6566129E-10
      3592579.0      3592579.0  9.3132257E-10
      3596368.2      3596368.2  1.3969839E-09
      3600141.6      3600141.6  2.3283064E-09
      3603899.3      3603899.3  4.6566129E-10
      3607641.1      3607641.1  1.3969839E-09
      3611367.2      3611367.2  4.6566129E-10
      3615077.3      3615077.3  9.3132257E-10
      3618771.6      3618771.6      0.0000000
      3622449.9      3622449.9  9.3132257E-10
      3626112.2      3626112.2  4.6566129E-10
      3629758.5      3629758.5  4.6566129E-10
      3633388.8      3633388.8  4.6566129E-10
      3637002.9      3637002.9  9.3132257E-10
      3640601.0      3640601.0  4.6566129E-10
      3644182.9      3644182.9  4.6566129E-10
      3647748.5      3647748.5  4.6566129E-10
      3651298.0      3651298.0  4.6566129E-10
      3654831.2      3654831.2  9.3132257E-10
      3658348.1      3658348.1  4.6566129E-10
      3661848.7      3661848.7      0.0000000
      3665332.8      3665332.8  2.7939677E-09
      3668800.6      3668800.6  4.6566129E-10
      3672252.0      3672252.0  9.3132257E-10
      3675686.9      3675686.9  9.3132257E-10
      3679105.2      3679105.2  2.7939677E-09
      3682507.1      3682507.1  9.3132257E-10
      3685892.3      3685892.3  4.6566129E-10
      3689261.0      3689261.0  4.6566129E-10
      3692613.0      3692613.0  9.3132257E-10
      3695948.3      3695948.3  4.6566129E-10
      3699267.0      3699267.0  1.8626451E-09
      3702568.9      3702568.9  2.3283064E-09
      3705854.0      3705854.0  9.3132257E-10
      3709122.3      3709122.3  1.8626451E-09
      3712373.8      3712373.8  9.3132257E-10
      3715608.5      3715608.5  2.3283064E-09
      3718826.2      3718826.2  4.6566129E-10
      3722027.0      3722027.0  4.6566129E-10
      3725210.8      3725210.8  1.3969839E-09
      3728377.7      3728377.7  9.3132257E-10
      3731527.5      3731527.5  1.3969839E-09
      3734660.3      3734660.3  4.6566129E-10
      3737775.9      3737775.9  9.3132257E-10
      3740874.5      3740874.5  1.3969839E-09
      3743955.9      3743955.9  4.6566129E-10
      3747020.1      3747020.1  1.3969839E-09
      3750067.2      3750067.2  4.6566129E-10
      3753097.0      3753097.0  2.3283064E-09
      3756109.5      3756109.5  9.3132257E-10
      3759104.7      3759104.7      0.0000000
      3762082.6      3762082.6  9.3132257E-10
      3765043.2      3765043.2  1.3969839E-09
      3767986.3      3767986.3  1.3969839E-09
      3770912.1      3770912.1      0.0000000
      3773820.3      3773820.3  2.7939677E-09
      3776711.2      3776711.2      0.0000000
      3779584.5      3779584.5  4.6566129E-10
      3782440.3      3782440.3  1.3969839E-09
      3785278.5      3785278.5  1.3969839E-09
      3788099.2      3788099.2      0.0000000
      3790902.2      3790902.2  9.3132257E-10
      3793687.6      3793687.6  1.3969839E-09
      3796455.4      3796455.4  4.6566129E-10
      3799205.4      3799205.4  1.3969839E-09
      3801937.7      3801937.7  9.3132257E-10
      3804652.3      3804652.3  9.3132257E-10
      3807349.1      3807349.1  1.3969839E-09
      3810028.1      3810028.1  1.3969839E-09
      3812689.3      3812689.3  1.8626451E-09
      3815332.6      3815332.6  9.3132257E-10
      3817958.0      3817958.0  4.6566129E-10
      3820565.5      3820565.5  4.6566129E-10
      3823155.1      3823155.1  1.3969839E-09
      3825726.7      3825726.7  1.8626451E-09
      3828280.4      3828280.4      0.0000000
      3830816.0      3830816.0  4.6566129E-10
      3833333.6      3833333.6      0.0000000
      3835833.2      3835833.2  4.6566129E-10
      3838314.6      3838314.6      0.0000000
      3840778.0      3840778.0  2.7939677E-09
      3843223.2      3843223.2  9.3132257E-10
      3845650.3      3845650.3  4.6566129E-10
      3848059.2      3848059.2  1.3969839E-09
      3850449.9      3850449.9  9.3132257E-10
      3852822.3      3852822.3      0.0000000
      3855176.5      3855176.5      0.0000000
      3857512.5      3857512.5  4.6566129E-10
      3859830.1      3859830.1  4.6566129E-10
      3862129.4      3862129.4  4.6566129E-10
      3864410.4      3864410.4      0.0000000
      3866673.0      3866673.0  9.3132257E-10
      3868917.3      3868917.3  4.6566129E-10
      3871143.1      3871143.1  9.3132257E-10
      3873350.5      3873350.5  9.3132257E-10
      3875539.4      3875539.4  4.6566129E-10
      3877709.9      3877709.9  4.6566129E-10
      3879861.9      3879861.9      0.0000000
      3881995.3      3881995.3  4.6566129E-10
      3884110.2      3884110.2  4.6566129E-10
      3886206.6      3886206.6  4.6566129E-10
      3888284.4      3888284.4  2.3283064E-09
      3890343.5      3890343.5  9.3132257E-10
      3892384.1      3892384.1  1.8626451E-09
      3894406.0      3894406.0  9.3132257E-10
      3896409.3      3896409.3  4.6566129E-10
      3898393.9      3898393.9  9.3132257E-10
      3900359.7      3900359.7  4.6566129E-10
      3902306.9      3902306.9  4.6566129E-10
      3904235.3      3904235.3  1.3969839E-09
      3906145.0      3906145.0      0.0000000
      3908035.9      3908035.9  4.6566129E-10
      3909908.0      3909908.0  1.3969839E-09
      3911761.3      3911761.3      0.0000000
      3913595.7      3913595.7  1.8626451E-09
      3915411.3      3915411.3  4.6566129E-10
      3917208.1      3917208.1      0.0000000
      3918985.9      3918985.9      0.0000000
      3920744.9      3920744.9      0.0000000
      3922484.9      3922484.9  9.3132257E-10
      3924206.0      3924206.0  9.3132257E-10
      3925908.2      3925908.2  1.3969839E-09
      3927591.4      3927591.4  4.6566129E-10
      3929255.6      3929255.6  4.6566129E-10
      3930900.7      3930900.7      0.0000000
      3932526.9      3932526.9  9.3132257E-10
      3934134.0      3934134.0  9.3132257E-10
      3935722.1      3935722.1  1.3969839E-09
      3937291.1      3937291.1  4.6566129E-10
      3938841.1      3938841.1      0.0000000
      3940371.9      3940371.9  1.3969839E-09
      3941883.6      3941883.6  9.3132257E-10
      3943376.2      3943376.2  4.6566129E-10
      3944849.7      3944849.7  9.3132257E-10
      3946304.0      3946304.0  4.6566129E-10
      3947739.1      3947739.1  1.3969839E-09
      3949155.1      3949155.1  4.6566129E-10
      3950551.8      3950551.8      0.0000000
      3951929.3      3951929.3  1.8626451E-09
      3953287.6      3953287.6  4.6566129E-10
      3954626.7      3954626.7  1.8626451E-09
      3955946.5      3955946.5  4.6566129E-10
      3957247.1      3957247.1  4.6566129E-10
      3958528.3      3958528.3  2.7939677E-09
      3959790.3      3959790.3  1.3969839E-09
      3961033.0      3961033.0  4.6566129E-10
      3962256.3      3962256.3      0.0000000
      3963460.3      3963460.3      0.0000000
      3964645.0      3964645.0      0.0000000
      3965810.4      3965810.4  9.3132257E-10
      3966956.3      3966956.3  1.3969839E-09
      3968082.9      3968082.9  4.6566129E-10
      3969190.2      3969190.2  4.6566129E-10
      3970278.0      3970278.0  2.3283064E-09
      3971346.4      3971346.4  1.3969839E-09
      3972395.4      3972395.4  9.3132257E-10
      3973424.9      3973424.9      0.0000000
      3974435.1      3974435.1  1.3969839E-09
      3975425.8      3975425.8  4.6566129E-10
      3976397.0      3976397.0  1.3969839E-09
      3977348.7      3977348.7  4.6566129E-10
      3978281.0      3978281.0  1.3969839E-09
      3979193.8      3979193.8  4.6566129E-10
      3980087.1      3980087.1      0.0000000
      3980960.9      3980960.9  4.6566129E-10
      3981815.2      3981815.2      0.0000000
      3982649.9      3982649.9  2.7939677E-09
      3983465.2      3983465.2  4.6566129E-10
      3984260.9      3984260.9  4.6566129E-10
      3985037.0      3985037.0      0.0000000
      3985793.6      3985793.6  4.6566129E-10
      3986530.6      3986530.6      0.0000000
      3987248.1      3987248.1  4.6566129E-10
      3987946.0      3987946.0      0.0000000
      3988624.3      3988624.3  9.3132257E-10
      3989283.0      3989283.0  1.3969839E-09
      3989922.2      3989922.2  9.3132257E-10
      3990541.7      3990541.7      0.0000000
      3991141.6      3991141.6  4.6566129E-10
      3991722.0      3991722.0  4.6566129E-10
      3992282.7      3992282.7      0.0000000
      3992823.7      3992823.7      0.0000000
      3993345.2      3993345.2  1.8626451E-09
      3993847.0      3993847.0  1.3969839E-09
      3994329.1      3994329.1  1.3969839E-09
      3994791.7      3994791.7  4.6566129E-10
      3995234.5      3995234.5  4.6566129E-10
      3995657.8      3995657.8      0.0000000
      3996061.3      3996061.3  9.3132257E-10
      3996445.2      3996445.2      0.0000000
      3996809.5      3996809.5  4.6566129E-10
      3997154.1      3997154.1  4.6566129E-10
      3997479.0      3997479.0  4.6566129E-10
      3997784.2      3997784.2  9.3132257E-10
      3998069.7      3998069.7  9.3132257E-10
      3998335.6      3998335.6  4.6566129E-10
      3998581.8      3998581.8  4.6566129E-10
      3998808.3      3998808.3  4.6566129E-10
      3999015.1      3999015.1  1.3969839E-09
      3999202.2      3999202.2  1.3969839E-09
      3999369.6      3999369.6  9.3132257E-10
      3999517.4      3999517.4      0.0000000
      3999645.4      3999645.4  1.3969839E-09
      3999753.8      3999753.8  9.3132257E-10
      3999842.4      3999842.4      0.0000000
      3999911.4      3999911.4  9.3132257E-10
      3999960.6      3999960.6  4.6566129E-10
      3999990.2      3999990.2  4.6566129E-10
