6.093350996123501E-03 6.430843312568941E-03 8.850078057804384E-05 -7.293931051215441E-06 -5.073330938976444E-06 2.183325867211522E-07
3.443958137461012E-01 -1.517001662741849E-01 -4.498414301334686E-02 6.069745704675881E-03 2.691395787774580E-02 1.642464711326913E-03
-1.818409715773409E-01 7.033056448519796E-01 1.979341659665792E-02 -1.968808181824821E-02 -5.064163398778412E-03 1.066495262682488E-03
9.262479182574443E-01 3.609841409833490E-01 6.663646269875514E-05 -6.401072352311315E-03 1.601824615602480E-02 -5.987426317770679E-07
1.317694036665277E+00 5.095586041007141E-01 -2.184232345438146E-02 -4.443167737538477E-03 1.427057324280693E-02 4.082012069087811E-04
2.543758572100898E+00 -4.436837596261916E+00 -3.850569978102725E-02 6.453708530159445E-03 4.111027498210978E-03 -1.614281394240796E-04
5.135085336691455E+00 -8.569415858895669E+00 -5.543228603243086E-02 4.474871426817861E-03 2.853868490348407E-03 -2.281402852583129E-04
1.553976956794760E+01 1.223945879040233E+01 -1.558617333083776E-01 -2.462323720984324E-03 2.906511702847419E-03 4.273296407636443E-05
2.941117938383307E+01 -5.471287865269902E+00 -5.651399520315591E-01 5.535647525886171E-04 3.104617999442792E-03 -7.709668715572183E-05
1.382177646359998E+01 -3.120040461996988E+01 -6.594560787981029E-01 2.935785040320793E-03 5.986590652489976E-04 -9.035225720631755E-04
